1 0.998859415 0.010798378 -0.0423373252 0.0192682217 2.7335584226 -0.0104339352 -2.5271428872
2 0.9988534357 0.010542846 -0.042558943 0.0192251856 2.7262093472 -0.0088729151 -2.5116662758
3 0.9988338607 0.0102869001 -0.0431434406 0.0190816894 2.6836135214 -0.0097125049 -2.5245943913
4 0.998825944 0.0100170431 -0.0432901846 0.0193069144 2.6839575463 -0.0099137407 -2.5308471386
5 0.9988131022 0.0098102095 -0.0434497547 0.019712105 2.6781586756 -0.0068582037 -2.5158964343
6 0.9988138056 0.0097174062 -0.0434720275 0.0196769394 2.6794911064 -0.0086420441 -2.5219132885
7 0.9988201885 0.0095887864 -0.0435071986 0.0193229251 2.679903452 -0.007788391 -2.5231530577
8 0.9988156102 0.0095529642 -0.0436057797 0.0193598483 2.6737930494 -0.0093216156 -2.5161807651
9 0.9988176437 0.0094819048 -0.0435921872 0.0193274226 2.6749655612 -0.0073331025 -2.5140649164
10 0.998820409 0.0094639091 -0.0436004095 0.0191635707 2.6727429929 -0.0074674114 -2.5093611884
11 0.9988215923 0.009474703 -0.0436726493 0.018939276 2.6680999849 -0.006195433 -2.4970234561
12 0.9988222735 0.0095418427 -0.0436605584 0.0188915041 2.6683058689 -0.0059760547 -2.4987663361
13 0.9988189369 0.0096316253 -0.043676624 0.0189916968 2.6640611937 -0.0038051977 -2.4892598954
14 0.99881283 0.0097396725 -0.0437223881 0.019147399 2.659357852 0 -2.4691611509
15 0.9988023322 0.0098519284 -0.0438752699 0.019290661 2.6457066331 -0.0021151161 -2.4442478482
16 0.9987865139 0.0099081477 -0.0440225837 0.0197423468 2.6343091924 0.0030915483 -2.4163279542
17 0.9987794773 0.0099990441 -0.0440676549 0.019946511 2.6237501269 0.0046834362 -2.3968370087
18 0.9987775848 0.0101736508 -0.0441275715 0.0198262349 2.6037321134 -0.0081823212 -2.3796463549
19 0.9987533512 0.0101153581 -0.044638464 0.0199412311 2.5311286858 -0.0015227926 -2.3629157374
20 0.9987515336 0.0101685626 -0.0446302856 0.0200059865 2.5021271398 -0.0055668261 -2.3391288788
21 0.9987460457 0.0102058339 -0.0447086587 0.0200964442 2.4559426946 -0.0031736139 -2.3170049993
22 0.9987531274 0.010161335 -0.044645601 0.0199052675 2.418965026 0.0031299082 -2.2938618128
23 0.9987654987 0.0102738347 -0.0443677689 0.0198482853 2.3987886566 0.000026287 -2.2629789324
24 0.9987650876 0.0103503242 -0.0443117671 0.0199422553 2.3550304151 0.0001484545 -2.2329812762
25 0.9987730006 0.0103768492 -0.044244889 0.019682589 2.3101087758 0.0093797038 -2.191040664
26 0.9987912538 0.0105290077 -0.0441246968 0.0189391139 2.2652880012 0.0101551708 -2.1536694292
27 0.9988153074 0.0106790991 -0.043870863 0.0181512238 2.2377587347 0.0092497677 -2.1234598264
28 0.9988317452 0.010885991 -0.043641798 0.0176784674 2.2069358422 0.0159880361 -2.0852521361
29 0.9988459094 0.0111767413 -0.0434519253 0.0171518885 2.1714926195 0.0166586926 -2.0414412266
30 0.9988638494 0.0113701961 -0.0432218356 0.0165497604 2.1438723607 0.0232116585 -2.0127835928
31 0.9988672964 0.0115852725 -0.0431510873 0.0163806848 2.1021262771 0.0256217273 -1.9737278717
32 0.9988573501 0.0119845695 -0.0431597114 0.0166650501 2.0502579791 0.0137478587 -1.9372405642
33 0.9988461807 0.0120589885 -0.043258762 0.0170224675 1.9853243338 0.0329893185 -1.8980776708
34 0.9988311066 0.0123113282 -0.0433358452 0.0175230649 1.9199957187 0.0346666883 -1.8601333013
35 0.9988236686 0.0124288002 -0.0433239053 0.0178890041 1.8573676499 0.0496577512 -1.8180001758
36 0.998818606 0.0127627205 -0.0433192393 0.0179505324 1.7915329102 0.0440093621 -1.7748467226
37 0.9988201715 0.0130584612 -0.0431834078 0.0179724784 1.7420128481 0.0432334744 -1.733774339
38 0.9988253697 0.0132280514 -0.0429709241 0.0180656616 1.7079295595 0.0546895601 -1.6897803906
39 0.9988189842 0.0134864939 -0.0429566356 0.0182597683 1.6563536438 0.0580324458 -1.6460192952
40 0.9988100759 0.0136475 -0.0430032807 0.0185188423 1.6062987626 0.059919181 -1.604212894
41 0.9987924427 0.0138560958 -0.0432251386 0.0188027449 1.5316626578 0.0599499532 -1.5724988495
42 0.9987944544 0.0140602175 -0.043266811 0.0184403963 1.466379767 0.0617114632 -1.5505004761
43 0.998801292 0.0141656758 -0.0432883111 0.017947524 1.4031153658 0.0631738975 -1.5147842215
44 0.9987962435 0.0142971952 -0.043384418 0.0178761043 1.3354085175 0.062286635 -1.4734215292
45 0.9987875277 0.0144728032 -0.0434734886 0.0180081542 1.2646631656 0.0578134361 -1.4315458665
46 0.9987831067 0.0146481796 -0.0434638489 0.0181273918 1.1991647526 0.0532641947 -1.3817826989
47 0.9987870722 0.0148005656 -0.0433834677 0.0179961201 1.1353576505 0.0581307744 -1.3295029375
48 0.9987971566 0.0151118389 -0.0431932164 0.0176236172 1.0801243088 0.056372401 -1.2958654698
49 0.9988089419 0.015366942 -0.0430186665 0.0171486499 1.0243960333 0.0637441274 -1.2556672796
50 0.9988134723 0.0157297606 -0.0428777872 0.016918949 0.9666887926 0.0627844673 -1.2258941414
51 0.9988111788 0.0162303147 -0.0427570042 0.016884545 0.9048768841 0.0576445093 -1.187521767
52 0.9988151556 0.0167473097 -0.0424367493 0.0169509929 0.8592323131 0.0585183153 -1.1371238461
53 0.9988179383 0.0172248007 -0.0419551141 0.0175024439 0.8340126052 0.0573830113 -1.0823454085
54 0.99880171 0.0177140132 -0.0417873466 0.018323585 0.7816679987 0.0570729772 -1.0283559799
55 0.9987934561 0.0181214121 -0.04162748 0.018738937 0.7209813097 0.0674464722 -0.9744572712
56 0.9987882197 0.0187275038 -0.0412629163 0.0192221132 0.6789892352 0.0531537691 -0.9317537563
57 0.998775513 0.0189817735 -0.0409457488 0.0202744836 0.6433799248 0.0526106756 -0.8884911867
58 0.9987592646 0.0192191025 -0.0405359891 0.0216279805 0.6213675414 0.0508505819 -0.8351906546
59 0.9987340929 0.0194111306 -0.0403694888 0.0229034629 0.5808637899 0.055339391 -0.768622014
60 0.9987261907 0.0194714251 -0.0403927297 0.0231487491 0.5143567786 0.06057453 -0.7173719277
61 0.9987229707 0.0194531104 -0.0405498718 0.0230222661 0.4304978466 0.0660564871 -0.6483529232
62 0.9987250968 0.0194227827 -0.0406096548 0.0228506707 0.3390376585 0.0770048906 -0.5744057135
63 0.9987529191 0.0193589451 -0.0404612291 0.0219382178 0.2511463672 0.0913068695 -0.511742094
64 0.9988031269 0.019362996 -0.0399984685 0.0204407801 0.1847992515 0.0884916613 -0.4447226453
65 0.998850765 0.019241233 -0.0393382048 0.0194935898 0.1403302578 0.0959425487 -0.3623968941
66 0.9988707658 0.0190415607 -0.0387858791 0.0197721527 0.0990829017 0.1049643002 -0.3000440113
67 0.9988734302 0.0188728547 -0.038576936 0.0201983504 0.0290201873 0.105639995 -0.2517927786
68 0.9988805114 0.0187031618 -0.0385197675 0.0201162194 -0.0713138206 0.1209096859 -0.1915815937
69 0.9989058328 0.0189025981 -0.0384327488 0.0187969843 -0.1872015571 0.1281883286 -0.1229661873
70 0.9989516018 0.0190981557 -0.0377792581 0.0174578313 -0.2525554423 0.1211221223 -0.0569810157
71 0.9989758461 0.019204445 -0.037116763 0.0173692964 -0.3045602086 0.1167129292 0.0415512312
72 0.9989759659 0.0193736641 -0.0368683979 0.0176949558 -0.3924283527 0.1231601651 0.1243488371
73 0.9989828337 0.0195355584 -0.0365228498 0.017842642 -0.4716577578 0.1242562341 0.1641161023
74 0.9990048481 0.0197080491 -0.035851112 0.0177760097 -0.5062002849 0.1161478557 0.209953815
75 0.9990252526 0.0197633443 -0.0354080571 0.0174499884 -0.538147398 0.1066100838 0.2710180084
76 0.999021669 0.0194986968 -0.0355015793 0.0177629542 -0.606281313 0.1125173132 0.3088849356
77 0.9990050966 0.019326946 -0.0355146638 0.0188228422 -0.6636619683 0.086211237 0.3614343344
78 0.9990014467 0.0190103662 -0.0355894787 0.0192047297 -0.7271936951 0.0690799384 0.411131132
79 0.9990207762 0.0188030888 -0.0355230351 0.0184952 -0.7743892098 0.0486684676 0.4453943652
80 0.9990387029 0.018420601 -0.0354949529 0.0179613102 -0.8169918148 0.0421440822 0.4823263034
81 0.9990391207 0.0180749872 -0.0357426172 0.0178128324 -0.8797446681 0.0256159648 0.5208870546
82 0.9990434919 0.0175729218 -0.0360872031 0.0173660716 -0.9760657074 0.0207220735 0.5525424051
83 0.999069794 0.0169193938 -0.0359837173 0.0167044931 -1.0378269079 0.023966806 0.5853634479
84 0.9990881392 0.0163015932 -0.0358108624 0.0165863333 -1.0927681861 0.0247323737 0.6288279613
85 0.9991097363 0.0158545682 -0.0356174589 0.0161363697 -1.1484127569 0.0195503133 0.6610969089
86 0.9991353012 0.0154425304 -0.035516548 0.0151373308 -1.2178386505 0.0212937074 0.7092967321
87 0.9991513152 0.0149682204 -0.0352437456 0.015187439 -1.2562266289 0.0200155217 0.720081181
88 0.9991288822 0.0143491521 -0.0353093118 0.0170070252 -1.3307432106 0.0259984452 0.7498643137
89 0.9991151493 0.0136867783 -0.0354128104 0.0181210347 -1.4330051945 0.0439380394 0.7791449154
90 0.9991331038 0.0131534978 -0.0348419697 0.0186168987 -1.4873679595 0.0471479286 0.7859210994
91 0.9991325523 0.0125804244 -0.0342088928 0.0201488223 -1.5288566541 0.047397632 0.813140125
92 0.9991089383 0.0119550718 -0.0338067967 0.0222738409 -1.5915298571 0.0587227291 0.8518715719
93 0.9990993464 0.0113562005 -0.0335774867 0.02332493 -1.6819947286 0.0789340521 0.872985707
94 0.999127898 0.0109147918 -0.0329616658 0.0231923828 -1.7515707687 0.1030276926 0.8557887062
95 0.999194341 0.0103132123 -0.0317523275 0.0222724039 -1.8560677976 0.1550695084 0.8995905377
96 0.9992806365 0.0100929102 -0.0295556908 0.021514577 -1.9130853167 0.1690077909 0.9593670472
97 0.9993555327 0.0100177546 -0.0272048923 0.0211716757 -1.9496565207 0.1648930574 1.0023009433
98 0.9994083996 0.0097540003 -0.0251846854 0.0212967644 -2.0056680629 0.1782556002 1.0795077067
99 0.9994455166 0.009590827 -0.0234451469 0.0216110283 -2.1110727989 0.1992232499 1.2371691615
100 0.9994958168 0.009641668 -0.021445744 0.0213432842 -2.190129056 0.1904377981 1.3422966003
101 0.9995414203 0.0097120239 -0.0198652796 0.0206847902 -2.2908091567 0.1864272544 1.5028921259
102 0.9995916234 0.0098626838 -0.0183934465 0.0195218809 -2.3494171516 0.177470441 1.5847537329
103 0.9996269899 0.0100965632 -0.0173914027 0.0184769645 -2.4526730217 0.171020873 1.7869815239
104 0.99965433 0.0105142808 -0.0167057475 0.0173637593 -2.535549046 0.1465408108 1.8505460825
105 0.9996839185 0.0110240143 -0.0160144278 0.015937114 -2.5750611834 0.1101224038 1.8500863148
106 0.9997075356 0.0115215443 -0.0155987029 0.0144494633 -2.6151867599 0.0849939282 1.8468598641
107 0.9997177126 0.0119701197 -0.0154327398 0.0135336949 -2.668395526 0.0641721418 1.8449544356
108 0.9997129389 0.0122652415 -0.0154768383 0.013570315 -2.7319128684 0.0507259202 1.8461892386
109 0.9996963697 0.0125754342 -0.0157211067 0.0142145126 -2.8129773054 0.0383212648 1.8639219799
110 0.9996824107 0.0129600895 -0.0160848861 0.0144405892 -2.9061336406 0.0287864077 1.8642937926
111 0.9996792377 0.0132325598 -0.0163904517 0.0140649534 -2.99601363 0.0215168594 1.8668293973
112 0.9996787346 0.0135996045 -0.0169929288 0.0129892306 -3.1051296911 0.0026530498 1.8818476395
113 0.9996886433 0.0139929009 -0.0174926464 0.0109938054 -3.197510914 -0.0155014833 1.8558841562
114 0.9996985225 0.0142817967 -0.0180025717 0.0086433301 -3.2937793655 -0.0168194068 1.8551443679
115 0.9997015266 0.0145874662 -0.0184205044 0.0067112178 -3.3894640122 -0.0179416613 1.8503847285
116 0.9996961908 0.0147919991 -0.0189811524 0.0053601912 -3.5128237866 -0.0109904242 1.8598083914
117 0.9996926935 0.0151853083 -0.0190925347 0.0044544259 -3.6022933288 -0.0145988577 1.8418661945
118 0.9996837974 0.0155118441 -0.0193178824 0.0043162504 -3.7045698677 -0.0140766736 1.8412404292
119 0.9996703359 0.015924115 -0.0195186711 0.0049885858 -3.7998117896 -0.0228860344 1.8282114532
120 0.9996528447 0.0161408238 -0.0197540897 0.0065802815 -3.8981294361 -0.0192622072 1.8284552349
121 0.9996297342 0.0163325308 -0.0200233652 0.0085389317 -3.9995136996 -0.0163042923 1.8224863891
122 0.9996040273 0.0164823604 -0.0202471453 0.0105007307 -4.1069518402 -0.0085477355 1.8175436057
123 0.999581954 0.0166084547 -0.0203532026 0.0120693845 -4.2124713454 5.55111512313E-017 1.8211318421
124 0.9995645439 0.0168142427 -0.0203878969 0.0131320993 -4.3179770916 0.0002419579 1.8280530414
125 0.9995545365 0.0170934005 -0.0203470797 0.0135907378 -4.4153729824 0.0007424664 1.8269627477
126 0.9995490392 0.0173651173 -0.0201343944 0.0139674814 -4.4982640824 0.0033933804 1.8209166391
127 0.9995430173 0.0175691146 -0.0199750564 0.0143667929 -4.5878583058 0.0148905733 1.8149028241
128 0.9995382505 0.0179771725 -0.019798147 0.0144335472 -4.680602727 0.0137781044 1.8011133131
129 0.9995444249 0.0183523553 -0.0193903803 0.0140850586 -4.756626933 0.0190894298 1.7912399562
130 0.999547609 0.0187916163 -0.0188786595 0.0139718669 -4.8276542341 0.0196977947 1.7848911767
131 0.9995563791 0.0191638767 -0.0183789256 0.0134907698 -4.9035421694 0.0254553145 1.7767730027
132 0.9995692577 0.0195875512 -0.0177243435 0.0127875012 -4.9737310319 0.0233077322 1.7669540412
133 0.9995835999 0.0200287113 -0.0170120473 0.0119282476 -5.0420468635 0.0153208356 1.7701461068
134 0.9995964831 0.0202945712 -0.0163765575 0.0112599187 -5.1076655194 0.0156089176 1.7587207227
135 0.9995999477 0.0205883807 -0.0157677993 0.011290901 -5.1732152732 0.0069319459 1.7530612051
136 0.9996022023 0.0207663677 -0.0151571206 0.0115941811 -5.2397638272 0.0012995281 1.7491713799
137 0.9996012473 0.02093574 -0.0146311263 0.0120442252 -5.3067886295 -0.0077149033 1.7569793178
138 0.9995960302 0.0210651131 -0.0142136165 0.012740367 -5.3760869317 -0.0128220776 1.7605927917
139 0.9995903999 0.0211470519 -0.0137750952 0.013500115 -5.4401124293 -0.0138907161 1.7655991447
140 0.9995852958 0.0211732712 -0.0133842164 0.0142092199 -5.5094161849 -0.0132321908 1.7653676407
141 0.9995752618 0.0212486338 -0.0128847316 0.0152334691 -5.5673436085 -0.0215232627 1.7609123316
142 0.9995600973 0.0212276944 -0.0124167416 0.0165820763 -5.6271896977 -0.0259369209 1.7604200165
143 0.9995400351 0.0211203651 -0.0122373033 0.0180028509 -5.7035064439 -0.0297076259 1.7728050572
144 0.9995225169 0.0210255687 -0.0120053195 0.0191955464 -5.7681665114 -0.0366154431 1.7787759601
145 0.9995119988 0.0207958613 -0.0118142577 0.0200967866 -5.8328588236 -0.0327863145 1.7816645396
146 0.9995008984 0.0205550912 -0.0116201496 0.0209844871 -5.9000888648 -0.0287885679 1.7832116597
147 0.9995041391 0.0203246657 -0.0111851483 0.0212946251 -5.9543534389 -0.0174488405 1.7735516004
148 0.9995154405 0.0201279031 -0.0106201543 0.0212368934 -6.0112685591 -0.0044133352 1.7685194098
149 0.9995317608 0.0200145231 -0.0099163824 0.0209158309 -6.0677613576 -0.0007096637 1.7591677257
150 0.9995454791 0.0199619894 -0.0090438378 0.0207065443 -6.1129129462 0.0010060862 1.7493098841
151 0.9995593754 0.0197967518 -0.0081604269 0.0205626793 -6.1606981741 0.0066802715 1.7432337271
152 0.9995681631 0.0195528836 -0.0073360473 0.0206725026 -6.2180372422 0.0173594276 1.7455853821
153 0.9995707555 0.0194717048 -0.0063564547 0.0209457786 -6.2633914522 0.0190492152 1.7246118167
154 0.9995788105 0.019434029 -0.0053365963 0.0208819662 -6.3212006106 0.0251274518 1.7272367391
155 0.9995837196 0.019562805 -0.0042199862 0.02077908 -6.3717287248 0.0263880324 1.7256641666
156 0.9995780612 0.0197961845 -0.0031056779 0.0210262605 -6.4130356761 0.0336176167 1.7313711505
157 0.9995618506 0.020074293 -0.0020797915 0.0216501545 -6.4593836349 0.042878065 1.7230413222
158 0.9995597698 0.0203213712 -0.0008258122 0.0215941354 -6.511178592 0.0696765738 1.7202634356
159 0.9995545332 0.020807336 0.0012890446 0.0213542865 -6.5679680355 0.0944219532 1.7436438967
160 0.9995269586 0.021705528 0.0036853045 0.0214764372 -6.5947731124 0.0970798426 1.7368509629
161 0.9994934015 0.0224734077 0.0059486674 0.0217343206 -6.6312720626 0.1079563452 1.7370267804
162 0.9994453048 0.0232784328 0.008323931 0.0223156719 -6.6696742833 0.1219812634 1.7441397549
163 0.9993878208 0.0242180318 0.0108485572 0.0227984101 -6.7023607782 0.1292571486 1.747593568
164 0.9993253794 0.0250970361 0.0136384026 0.0230833544 -6.7256174334 0.1436179118 1.7353109074
165 0.9992257808 0.0265711065 0.0168723815 0.0236064762 -6.7262719496 0.1594200517 1.7013071211
166 0.9991126295 0.0284594081 0.0198828348 0.023848458 -6.7675112622 0.1719887661 1.723224818
167 0.9989600573 0.0303857039 0.0235826307 0.0244825293 -6.7942476405 0.1596993725 1.7340289869
168 0.9988081284 0.0320827568 0.0267875158 0.0252106517 -6.8448111197 0.1363726595 1.7675596731
169 0.9986617979 0.0328499976 0.030168369 0.02618182 -6.88203856 0.1138777848 1.785919224
170 0.9985092985 0.0331682509 0.0335818587 0.0274138904 -6.9219540987 0.1033737737 1.8113457573
171 0.9983555522 0.0335152128 0.0370749476 0.0280811792 -6.9526457288 0.0939410532 1.8198647968
172 0.9982081937 0.0340701285 0.0403560006 0.0281262913 -6.9839447814 0.0793018395 1.8369316558
173 0.9980383202 0.0350124237 0.0432831534 0.0286454003 -7.0131013096 0.0442530746 1.8428690452
174 0.9979231819 0.0359233271 0.0445550048 0.029559067 -7.0411875847 2.77555756156E-017 1.8447577668
175 0.9978320628 0.0365729248 0.0455743501 0.0302759918 -7.078941797 -0.0294850037 1.8465932089
176 0.9977544627 0.0372165379 0.0463332264 0.0308911869 -7.1141477108 -0.0569899291 1.8494422737
177 0.9976844555 0.0379735536 0.0470116271 0.0312063 -7.1421764145 -0.0868021291 1.840587616
178 0.997610748 0.0386125973 0.0479528323 0.0313460803 -7.1573317886 -0.1177396872 1.830128694
179 0.9975329638 0.039344321 0.0490582579 0.0311992073 -7.1686525614 -0.1515919376 1.8229531289
180 0.9974654683 0.0400189017 0.0505785023 0.0300489372 -7.1685906426 -0.1755487444 1.8049990137
181 0.9973547539 0.0410132408 0.0523992232 0.0292534839 -7.1667310108 -0.2207511974 1.792476612
182 0.9972432904 0.0418568754 0.0542659007 0.0284466494 -7.1734073986 -0.2582897604 1.7998797508
183 0.9970860561 0.0429466499 0.056510616 0.0279595221 -7.1678139603 -0.3106495979 1.8610391975
184 0.9969933206 0.0437566168 0.0575590622 0.0278705801 -7.18883237 -0.3658031979 1.8729158345
185 0.9969760599 0.0438392169 0.0581191417 0.0271851952 -7.2045661997 -0.4017999372 1.8128044348
186 0.9969530356 0.0439782566 0.0587271523 0.0264901272 -7.2195653671 -0.4402160548 1.8071129283
187 0.9969786459 0.0436178664 0.0588902885 0.0257491622 -7.236163471 -0.4791189183 1.7458577322
188 0.9969771494 0.0433813231 0.0593409186 0.0251686762 -7.2370881345 -0.5199319209 1.7276661327
189 0.9970177894 0.0431106069 0.0592759683 0.0241556554 -7.2435534212 -0.5629827039 1.658448548
190 0.997035326 0.0430873021 0.0594072136 0.023127448 -7.2384096285 -0.6097487716 1.6362926871
191 0.9970907494 0.04279907 0.0589187442 0.0225113945 -7.2498617049 -0.6537294492 1.5720072904
192 0.9971176764 0.0427460727 0.0587661965 0.0218115749 -7.2535212219 -0.7010906299 1.5667156036
193 0.9971342877 0.0428261587 0.0587197816 0.0210032466 -7.2469291708 -0.7521569255 1.5661983109
194 0.997140457 0.0428775378 0.0589410783 0.0199592561 -7.222581851 -0.8015817255 1.547141865
195 0.9971256985 0.0430278663 0.0593006896 0.0193051021 -7.1970685768 -0.8615441965 1.5370371657
196 0.9971173607 0.0431660447 0.0595924511 0.0185069093 -7.1789624964 -0.9168641688 1.5223981853
197 0.9970978628 0.0433884551 0.0600139781 0.0176513697 -7.1588819088 -0.9794333052 1.5230349895
198 0.9970932474 0.0433782211 0.0603146283 0.0169013169 -7.1426088683 -1.0401613517 1.5219682665
199 0.9970859564 0.0432672236 0.060618042 0.0165270709 -7.1306752174 -1.0967916641 1.5436666424
200 0.997098483 0.0431589129 0.0605995731 0.0161141593 -7.1288291947 -1.1558438344 1.5501121041
201 0.9971179113 0.0430287789 0.0607177912 0.014758708 -7.1151701362 -1.2100981308 1.5540981414
202 0.9971232224 0.0429204677 0.0611889555 0.012602737 -7.0754399091 -1.2756547672 1.5316427728
203 0.9971080053 0.0427555849 0.0618376219 0.011121356 -7.0311543889 -1.3408136168 1.5105370866
204 0.9970861039 0.0425263704 0.0625240141 0.010081941 -6.9922061205 -1.4058779809 1.4967153596
205 0.9970802251 0.0420622989 0.0630585028 0.0092487841 -6.9657212597 -1.4619855269 1.4880610597
206 0.9970782565 0.0415820993 0.0634647434 0.0088376541 -6.950295927 -1.5258078851 1.5079994514
207 0.9971207588 0.0409371619 0.0632151124 0.0088426582 -6.9685105554 -1.5899117054 1.5485139751
208 0.9971875608 0.040023854 0.0628156539 0.0083262376 -6.9749638931 -1.6413538103 1.5815665801
209 0.9972389699 0.0392214965 0.0624934121 0.0084149176 -6.9549296656 -1.7130037529 1.5913919741
210 0.9972841328 0.0381074824 0.0624323283 0.0086318123 -6.9155137922 -1.7743279607 1.5862905324
211 0.9973289314 0.0368799341 0.0624078059 0.0089620703 -6.8784768403 -1.8373544969 1.5817954215
212 0.9973680606 0.0357331407 0.0623681704 0.0095100971 -6.8442863502 -1.9083317688 1.5830360541
213 0.9974266436 0.0344865191 0.0620721617 0.0098960913 -6.8288931982 -1.9762545933 1.5975063381
214 0.9975247605 0.0330624159 0.0611575489 0.0105370473 -6.8540430475 -2.0604434327 1.639682922
215 0.9976604181 0.0304995418 0.0601936068 0.0109650738 -6.8600481357 -2.1372747728 1.6703657282
216 0.9978028117 0.027600686 0.0591409111 0.0114130426 -6.8516066864 -2.2067405266 1.6916155689
217 0.9979382695 0.0249310735 0.0578765516 0.01216229 -6.7976330925 -2.2998422977 1.7015826574
218 0.9981115591 0.0223226811 0.0560704516 0.0114570433 -6.7659640518 -2.3648667289 1.6937979074
219 0.9982559441 0.0199688348 0.054464612 0.0109586779 -6.7183577569 -2.4431855185 1.6908873176
220 0.9983780856 0.0175814949 0.0531494436 0.0103533717 -6.6247064662 -2.4879341888 1.6350670312
221 0.9984833473 0.0160455289 0.0517973276 0.0095228383 -6.5724868083 -2.5278174073 1.6146606279
222 0.9985394165 0.0150541896 0.0511101187 0.0089636467 -6.5180695704 -2.5864657144 1.5964782422
223 0.9985913716 0.0141996551 0.0504584138 0.0082259322 -6.4607154854 -2.6448489239 1.5788770026
224 0.9986268633 0.0132336784 0.0501204932 0.0075575155 -6.3927506487 -2.697999403 1.571062784
225 0.9986440276 0.0123392627 0.0501974361 0.0061649534 -6.3290988018 -2.741237871 1.5575569119
226 0.9986565263 0.0112432717 0.0503485085 0.0048809166 -6.2814045933 -2.7864208688 1.5583212429
227 0.998664964 0.0098614806 0.0505429091 0.0040703079 -6.2461505065 -2.834717084 1.5827703821
228 0.9986554222 0.0087063579 0.0509722738 0.0036446547 -6.1814663242 -2.8966971697 1.5947272532
229 0.9986499657 0.0075976643 0.0512968146 0.0029973141 -6.1163042335 -2.9539089766 1.5963868789
230 0.998653053 0.0065926415 0.0514207831 0.0021631063 -6.0661698231 -3.0143934878 1.6317504946
231 0.9986339499 0.0063181494 0.0518298076 0.0020077549 -5.9893560922 -3.0935125952 1.6909879865
232 0.9986170397 0.0058356674 0.0522217794 0.0017144538 -5.9109628687 -3.1426104917 1.732606057
233 0.9985851669 0.0058158964 0.052849125 0.0009088715 -5.8415264583 -3.2074786104 1.8031647974
234 0.9985813483 0.0057556633 0.0529356757 8.94052403758E-005 -5.7894754444 -3.2839942499 1.8323848394
235 0.9986091843 0.0055564757 0.052429026 2.28735271119E-005 -5.7403727651 -3.3612437795 1.8646926031
236 0.9986539389 0.0054105928 0.0515782838 0.0008563525 -5.6492890858 -3.4508440664 1.869263588
237 0.9987577755 0.0048986622 0.0495800376 0.0009364267 -5.5936268378 -3.5181792899 1.8686102849
238 0.9988784138 0.0048868843 0.0470668838 0.0017153479 -5.4866088709 -3.6238305377 1.8347747517
239 0.9989911246 0.0039293708 0.0447120941 0.0014712725 -5.4337421556 -3.6412255226 1.8402014598
240 0.9990478319 0.0031543588 0.0434886277 0.0014872555 -5.367957073 -3.6715320769 1.8514232385
241 0.9990903494 0.0026348827 0.0425270526 0.0017490038 -5.2926629935 -3.7318277307 1.8538898611
242 0.9991361951 0.0037581109 0.0411387984 0.0045091907 -5.1155644625 -3.9354283846 1.783463861
243 0.9993099036 0.0022887 0.036893455 0.0036661076 -5.1042713389 -3.9104139093 1.8192403626
244 0.9993876179 0.0012099509 0.0347870676 0.003584577 -5.059889265 -3.9205822197 1.8349219649
245 0.9994400648 0.0006517375 0.0332176586 0.003988976 -4.9900957697 -3.9798074165 1.8208300985
246 0.999500752 0.0004452578 0.031153212 0.0052609648 -4.9030893605 -4.0566662267 1.8091077056
247 0.999558927 -0.0002415594 0.029228478 0.0052540012 -4.8507533272 -4.076643889 1.8263383008
248 0.999606293 -0.0006299147 0.0275611772 0.005236105 -4.7870260562 -4.1213465616 1.8316382313
249 0.9996502921 -0.0010285949 0.0258531198 0.005476991 -4.7146624766 -4.1650077284 1.831347895
250 0.9996945474 -0.0014045343 0.0240835312 0.0053820123 -4.6534438158 -4.1963557498 1.832806495
251 0.9997321293 -0.0018229633 0.0226027557 0.0046245802 -4.5834094781 -4.2092981804 1.8361782721
252 0.9997670865 -0.0021496934 0.0211437346 0.0037708331 -4.5249878217 -4.2306858837 1.8464276884
253 0.9997970459 -0.0024290565 0.0197989359 0.002865934 -4.4561494451 -4.247678995 1.8605832877
254 0.9998173351 -0.0034082443 0.0187642 0.0012443319 -4.4149966384 -4.2039669406 1.9364667331
255 0.9998215986 -0.0039124782 0.0184784924 0.0001317771 -4.3809619426 -4.1767890114 2.031520953
256 0.9998174024 -0.0040930358 0.0186547668 -0.0007261682 -4.3173751364 -4.1642258149 2.0126623763
257 0.9998046043 -0.004359134 0.0191985928 -0.0018026433 -4.2275375512 -4.1497439544 1.9594550954
258 0.9997915035 -0.0041104004 0.0198711543 -0.0022796313 -4.1225996808 -4.1519127558 1.9228715222
259 0.9997836482 -0.0039209929 0.0203087811 -0.0022276463 -4.0094163341 -4.1518688376 1.8300639114
260 0.9997797426 -0.0034445085 0.0206357359 -0.0016424605 -3.8865744753 -4.1693643638 1.7894906096
261 0.9997875735 -0.0027467138 0.0204142642 -0.00085869 -3.7349458322 -4.2123252193 1.6938992857
262 0.9998169552 -0.0029266472 0.0188845121 -0.0009794991 -3.6661618632 -4.1752681299 1.7223435946
263 0.9998442457 -0.0034519199 0.0172934341 -0.00062892 -3.6291266209 -4.117507793 1.7724649229
264 0.9998606427 -0.0037984977 0.0162416378 -0.0007382693 -3.5894637254 -4.0780097884 1.8026684771
265 0.9998722389 -0.0040479941 0.0154115432 -0.0012877659 -3.5571823382 -4.0200956573 1.8584799456
266 0.999879898 -0.004373819 0.0148198749 -0.0012831908 -3.5161121252 -3.9647706302 1.8699264882
267 0.9998810396 -0.0047692938 0.0146070494 -0.0013970599 -3.4847047482 -3.893676803 1.8889967067
268 0.9998736237 -0.0048283984 0.0150099251 -0.0020271486 -3.4358771396 -3.8465565029 1.9444580921
269 0.9998661792 -0.0048738398 0.015490175 -0.0020157082 -3.3611065091 -3.8083219883 1.9871236125
270 0.9998634427 -0.0051738186 0.015616814 -0.0015712 -3.3100082541 -3.7464739516 2.0077335772
271 0.9998573127 -0.0053518732 0.0158744892 -0.0022084898 -3.2674482875 -3.6950578879 2.0280068919
272 0.9998461499 -0.0053083117 0.0164532799 -0.0030141769 -3.1842101333 -3.6569900494 2.0461721349
273 0.9998409176 -0.0053911095 0.0168877891 -0.0020498123 -3.0866604499 -3.6002732323 2.0211873773
274 0.9998391256 -0.0056505469 0.0170241007 -0.0002808472 -3.018788181 -3.535448976 2.026387002
275 0.9998375932 -0.0056558697 0.0170752554 0.0012112166 -2.9469718252 -3.4977823381 2.0488184788
276 0.9998330342 -0.0057741563 0.017093764 0.0029450164 -2.8544591138 -3.4499447501 2.0928990273
277 0.999830881 -0.0062918538 0.0165468666 0.0049932527 -2.8026968512 -3.3749193709 2.1137134904
278 0.9998313768 -0.0068972549 0.0159415591 0.0059699124 -2.7714134994 -3.2976222959 2.1390110256
279 0.9998335228 -0.0067784275 0.0157049119 0.0063937831 -2.6805364475 -3.2771863319 2.1256666924
280 0.9998482008 -0.0072040253 0.0141953858 0.0070954368 -2.6167009568 -3.2121152094 2.1214093331
281 0.9998588752 -0.0080699099 0.0125546005 0.0077331165 -2.6167062327 -3.092430781 2.1252979625
282 0.9998686311 -0.0086549655 0.0115039582 0.0074767653 -2.6380475587 -2.9821422918 2.153297102
283 0.9998707812 -0.0088684245 0.0115435114 0.0068356895 -2.5784235366 -2.8984496849 2.1506103676
284 0.99986874 -0.0093144983 0.0113016505 0.0069552283 -2.5592118813 -2.7872194385 2.1604960522
285 0.9998607146 -0.0096807343 0.0114851979 0.0072953063 -2.5481868592 -2.6629903027 2.1684827796
286 0.9998567595 -0.0098508437 0.0119679095 0.0068167985 -2.5507069714 -2.5505427767 2.1988605911
287 0.9998507074 -0.0099188004 0.0127960789 0.0060598462 -2.5236670749 -2.4509764918 2.1674643109
288 0.9998282112 -0.010322492 0.0139054701 0.0066174479 -2.4690423936 -2.3481967744 2.1474761822
289 0.9998042133 -0.0101072151 0.0150605262 0.0079217491 -2.4233620744 -2.2807885651 2.1764894361
290 0.9997846622 -0.0094801081 0.0161580173 0.0089299625 -2.3320930816 -2.2385619032 2.2016653292
291 0.9997648927 -0.0090989038 0.0165524915 0.0106599165 -2.2447396059 -2.1644586488 2.1722478901
292 0.9997558151 -0.0092348573 0.0163359875 0.0116769266 -2.2248970313 -2.0568445324 2.1783381233
293 0.9997581115 -0.0089407868 0.0163267057 0.0117245144 -2.1829991482 -1.978764295 2.192691075
294 0.9997697117 -0.0084506935 0.0158778579 0.0117141099 -2.1254573139 -1.9197373442 2.1703164345
295 0.9997833827 -0.0087404783 0.0148009967 0.0117396866 -2.1056304685 -1.7925292138 2.1435274747
296 0.9997842547 -0.008822903 0.0140574636 0.0124939719 -2.0929006531 -1.6821642205 2.158108934
297 0.9997875114 -0.0082534791 0.0135013196 0.0132154642 -2.0413363034 -1.6313177746 2.1529495029
298 0.9997860618 -0.007065206 0.012629354 0.0147792735 -1.9087299438 -1.6348358433 2.070480401
299 0.9998245208 -0.0073648588 0.0096290612 0.0142966456 -1.9540753648 -1.4811253203 2.0910628617
300 0.99984882 -0.0072194384 0.0084141351 0.0133998154 -1.9638870705 -1.3551805969 2.1169469694
301 0.9998831664 -0.0069792771 0.0076684506 0.011247208 -1.9780937278 -1.2488030571 2.1511390974
302 0.9999056667 -0.006643289 0.0074476745 0.0094613624 -1.9496553862 -1.1551201695 2.1431146098
303 0.9999123589 -0.0061855688 0.0073835289 0.0090990846 -1.8923256078 -1.0758160355 2.1263036412
304 0.9999172383 -0.0056657113 0.0068538812 0.0093098897 -1.8660612466 -1.0019516874 2.1361065708
305 0.999929141 -0.0050905305 0.0061379266 0.0088627247 -1.8559741605 -0.918956862 2.1484465778
306 0.9999344976 -0.0043710056 0.005833571 0.0088367854 -1.7858462642 -0.8516749895 2.114396694
307 0.9999350216 -0.0037918345 0.0047721235 0.0096555293 -1.762612715 -0.7746854861 2.1275238254
308 0.9999427399 -0.0033170399 0.0034714619 0.0095598242 -1.7675173216 -0.67516106 2.151605658
309 0.9999504533 -0.0026744346 0.0027514657 0.00919126 -1.7168605867 -0.5778855568 2.1570889627
310 0.9999503202 -0.0020317404 0.0015606525 0.0096453707 -1.6976335108 -0.4929327418 2.1918602478
311 0.9999486632 -0.001574375 1.57928882138E-005 0.0100111961 -1.7086757037 -0.3962653207 2.2293343599
312 0.9999539082 -0.0010245593 -0.0012959213 0.0094750265 -1.7103422361 -0.3003169461 2.2518863165
313 0.9999640918 -0.0003889635 -0.0022101827 0.0082029273 -1.6818268113 -0.2085594406 2.2564875255
314 0.9999636719 -0.0001264439 -0.003201042 0.0079185538 -1.6794792881 -0.0924703042 2.2785904627
315 0.9999605749 0.0002230222 -0.0038995496 0.0079956264 -1.6852247321 0.0287540749 2.2845156826
316 0.9999607823 0.0009801964 -0.0041210796 0.007801249 -1.6729184608 0.1368436542 2.3083318029
317 0.9999548966 0.0020093949 -0.0040353426 0.0083574274 -1.6362209451 0.224054167 2.3480121988
318 0.9999411359 0.0026152852 -0.0040795586 0.0097238183 -1.6044585696 0.3368471149 2.4393524944
319 0.999928165 0.0034802618 -0.0048219689 0.0104273736 -1.6485004223 0.442160571 2.5977248485
320 0.9999266015 0.0042496667 -0.0048645927 0.0102730219 -1.6100738794 0.5496849408 2.595957302
321 0.9999179133 0.0045201091 -0.0046497889 0.0110613383 -1.5291857288 0.6672240838 2.5406161866
322 0.9999041122 0.0049805191 -0.004987448 0.0119277198 -1.5038366545 0.7809774701 2.5673860107
323 0.9998990304 0.0050344848 -0.0050781048 0.0122934058 -1.4417142119 0.9268988449 2.5152716018
324 0.9998908759 0.0053756639 -0.0054117177 0.012664889 -1.410737558 1.0629048525 2.5494840744
325 0.9998844009 0.0056007458 -0.0058633807 0.0128843839 -1.3791795356 1.2063467198 2.5913095059
326 0.9998763394 0.0061239833 -0.0062749885 0.0130767309 -1.3372382761 1.3497036242 2.6339245627
327 0.9998701669 0.0065082689 -0.0067603214 0.0131026959 -1.3014438381 1.5212185867 2.7026521551
328 0.9998602441 0.0068644393 -0.0072625901 0.0134089964 -1.266467626 1.6827196302 2.7593996628
329 0.9998571845 0.0068178631 -0.0080427229 0.0132236621 -1.2712849181 1.8527533628 2.8199022842
330 0.9998651786 0.0069677435 -0.008345141 0.0123242425 -1.2378592094 2.0187540234 2.8733347759
331 0.9998743492 0.0072222272 -0.0085591464 0.0112211596 -1.2002962877 2.1947367878 2.9328093397
332 0.9998789571 0.0075017849 -0.0087396655 0.0104760879 -1.1617097576 2.3557476378 2.9828388762
333 0.9998739059 0.0075928352 -0.0089245251 0.0107259177 -1.1118791359 2.5038755286 3.03213587
334 0.9998671057 0.007457304 -0.0093526513 0.0110793288 -1.0678624337 2.664219056 3.0874455904
335 0.9998524504 0.007308987 -0.0099520859 0.0119528741 -1.0133650534 2.821046947 3.1108621561
336 0.9998235727 0.0072028552 -0.0107679249 0.0136072092 -0.9710962774 2.9663764343 3.1242289242
337 0.999793593 0.0066695252 -0.0116466616 0.0152512638 -0.9433598223 3.1432746287 3.1703855258
338 0.9997435362 0.0064583823 -0.0123604585 0.0178461843 -0.8940654122 3.272920985 3.1831311214
339 0.9996238875 0.0057005296 -0.0136453618 0.0230952162 -0.7932189819 3.3602005396 3.140581385
340 0.9995447723 0.0039465928 -0.016574477 0.0249024274 -0.7744899122 3.5330977731 3.1941533842
341 0.9995870845 0.0032896376 -0.0186401845 0.0216179864 -0.8382708713 3.6997530922 3.300376842
342 0.999667941 0.0034060647 -0.0187882858 0.0173043181 -0.8088183208 3.8242891957 3.2867828114
343 0.9997167475 0.0037250709 -0.0184991139 0.0145021357 -0.7671892158 3.9371995365 3.3010768972
344 0.9997403916 0.0042819248 -0.0179750804 0.0133278119 -0.6831333977 4.0532192893 3.321601768
345 0.9997129587 0.0048368994 -0.0184061488 0.0145534027 -0.6286731955 4.1596653801 3.3411538894
346 0.9996669723 0.0051000013 -0.0190803558 0.0166078235 -0.5490148 4.2868847293 3.3634500776
347 0.999588197 0.0062044937 -0.0200332481 0.0195855794 -0.3772173931 4.3608051579 3.3036948635
348 0.9994593557 0.0059327255 -0.024688463 0.0208866554 -0.4097392913 4.5448384951 3.3527116947
349 0.999301964 0.0063225981 -0.0277709056 0.0241738418 -0.3787761386 4.6630354279 3.3562193828
350 0.9992054869 0.0060123849 -0.0310213359 0.0242898129 -0.4412986892 4.8571150523 3.4605634395
351 0.9991748521 0.0062399921 -0.0325432399 0.0234891068 -0.4255180838 5.0019266912 3.4926817806
352 0.9991193721 0.006663058 -0.0334458631 0.0244438812 -0.3972518239 5.1247220553 3.4976451504
353 0.9990535774 0.0065606881 -0.0344920982 0.0256747834 -0.3956637254 5.2753038059 3.5400432124
354 0.9990579941 0.0067111338 -0.0348841031 0.0249222301 -0.3587782459 5.3869707887 3.5078733014
355 0.9990531044 0.0065111181 -0.0353522369 0.0245103449 -0.3543380099 5.5094220087 3.5079823543
356 0.9990460263 0.0063978747 -0.0356691392 0.0243708692 -0.3348545181 5.6272497242 3.5239347527
357 0.9990604619 0.0060950662 -0.0360918094 0.0232038115 -0.3190867446 5.7551911831 3.5383609353
358 0.9990958833 0.0058056209 -0.0363455881 0.021276186 -0.285725091 5.8785729694 3.5665515801
359 0.9990935565 0.0059111779 -0.0369831564 0.0202342361 -0.2575599029 5.9679606024 3.6820918717
360 0.9990638945 0.0057551017 -0.0380678168 0.0197243113 -0.2437168056 6.0763069265 3.7348300828
