0;5;0
1;5;0
2;5;0
3;5;0
4;5;0
5;5;0
6;5;0
7;5;0
8;5;0
9;5;0
10;5;0
11;5;0
12;5;0
13;5;0
14;5;0
15;5;0
16;5;0
17;5;0
18;5;0
19;5;0
20;5;0
21;5;0
22;5;0
23;5;0
24;5;0
25;5;0
26;5;0
27;5;0
28;5;0
29;5;0
30;5;0
31;5;0
32;5;0
33;5;0
34;5;0
35;5;0
36;5;0
37;5;0
38;5;0
39;5;0
40;5;0
41;5;0
42;5;0
43;5;0
44;5;0
45;5;0
46;5;0
47;5;0
48;5;0
49;5;0
50;5;0
51;5;0
52;5;0
53;5;0
54;5;0
55;5;0
56;5;0
57;5;0
58;5;0
59;5;0
60;5;0
61;5;0
62;5;0
63;5;0
64;5;0
65;5;0
66;5;0
67;5;0
68;5;0
69;5;0
70;5;0
71;5;0
72;5;0
73;5;0
74;5;0
75;5;0
76;5;0
77;5;0
78;5;0
79;5;0
80;5;0
81;5;0
82;5;0
83;5;0
84;5;0
85;5;0
86;5;0
87;5;0
88;5;0
89;5;0
90;5;0
91;5;0
92;5;0
93;5;0
94;5;0
95;5;0
96;5;0
97;5;0
98;5;0
99;5;0
100;5;0
101;5;0
102;5;0
103;5;0
104;5;0
105;5;0
106;5;0
107;5;0
108;5;0
109;5;0
110;5;0
111;5;0
112;5;0
113;5;0
114;5;0
115;5;0
116;5;0
117;5;0
118;5;0
119;5;0
120;5;0
121;5;0
122;5;0
123;5;0
124;5;0
125;5;0
126;5;0
127;5;0
128;5;0
129;5;0
130;5;0
131;5;0
132;5;0
133;5;0
134;5;0
135;5;0
136;5;0
137;5;0
138;5;0
139;5;0
140;5;0
141;5;0
142;5;0
143;5;0
144;5;0
145;5;0
146;5;0
147;5;0
148;5;0
149;5;0
150;5;0
151;5;0
152;5;0
153;5;0
154;5;0
155;5;0
156;5;0
157;5;0
158;5;0
159;5;0
160;5;0
161;5;0
162;5;0
163;5;0
164;5;0
165;5;0
166;5;0
167;5;0
168;5;0
169;5;0
170;5;0
171;5;0
172;5;0
173;5;0
174;5;0
175;5;0
176;5;0
177;5;0
178;5;0
179;5;0
180;5;0
181;5;0
182;5;0
183;5;0
184;5;0
185;5;0
186;5;0
187;5;0
188;5;0
189;5;0
190;5;0
191;5;0
192;5;0
193;5;0
194;5;0
195;5;0
196;5;0
197;5;0
198;5;0
199;5;0
200;5;0
201;5;0
202;5;0
203;5;0
204;5;0
205;5;0
206;5;0
207;5;0
208;5;0
209;5;0
210;5;0
211;5;0
212;5;0
213;5;0
214;5;0
215;5;0
216;5;0
217;5;0
218;5;0
219;5;0
220;5;0
221;5;0
222;5;0
223;5;0
224;5;0
225;5;0
226;5;0
227;5;0
228;5;0
229;4;0
230;4;0
231;4;0
232;4;0
233;4;0
234;4;0
235;4;0
236;4;0
237;4;0
238;4;0
239;4;0
240;4;0
241;4;0
242;4;0
243;4;0
244;4;1
245;4;1
246;4;1
247;4;1
248;4;1
249;4;1
250;4;1
251;4;1
252;4;1
253;4;1
254;4;1
255;4;1
256;4;1
257;4;1
258;4;1
259;4;1
260;4;1
261;4;1
262;4;1
263;4;1
264;3;0
265;3;0
266;3;0
267;3;0
268;3;0
269;3;0
270;3;0
271;3;0
272;3;0
273;3;0
274;3;0
275;3;0
276;3;0
277;3;0
278;3;0
279;3;0
280;3;0
281;3;0
282;3;0
283;3;0
284;3;0
285;3;0
286;3;0
287;3;0
288;3;0
289;3;0
290;3;0
291;3;0
292;3;0
293;3;0
294;3;0
295;3;0
296;3;0
297;3;0
298;3;0
299;3;0
300;3;0
301;3;0
302;3;0
303;3;0
304;3;0
305;3;0
306;3;0
307;3;0
308;3;0
309;3;0
310;3;0
311;3;0
312;3;0
313;3;0
314;3;0
315;3;0
316;3;0
317;3;0
318;3;0
319;3;0
320;3;0
321;3;0
322;3;0
323;3;0
324;3;0
325;3;0
326;3;0
327;3;0
328;3;0
329;3;0
330;3;0
331;3;0
332;3;0
333;3;0
334;3;0
335;3;0
336;3;0
337;3;0
338;3;0
339;3;0
340;3;0
341;3;0
342;3;0
343;3;0
344;3;0
345;3;0
346;3;0
347;3;0
348;3;0
349;3;0
350;3;0
351;3;0
352;3;1
353;3;1
354;3;1
355;3;1
356;3;1
357;3;1
358;3;1
359;3;1
360;3;1
361;3;1
362;3;1
363;3;1
364;3;1
365;3;1
366;3;1
367;3;1
368;3;1
369;3;1
370;3;1
371;3;1
372;4;0
373;4;0
374;4;0
375;4;0
376;4;0
377;4;0
378;4;0
379;4;0
380;4;0
381;4;0
382;4;0
383;4;0
384;4;0
385;4;0
386;4;0
387;4;0
388;4;0
389;4;0
390;4;0
391;4;0
392;4;0
393;4;0
394;4;0
395;4;0
396;4;0
397;4;0
398;4;0
399;4;0
400;4;0
401;4;0
402;4;0
403;4;0
404;4;0
405;4;0
406;4;0
407;4;0
408;4;0
409;4;0
410;4;0
411;4;0
412;4;0
413;4;0
414;4;0
415;4;0
416;4;0
417;4;0
418;4;0
419;4;0
420;4;0
421;4;0
422;4;0
423;4;0
424;4;0
425;4;0
426;4;0
427;4;0
428;4;0
429;4;0
430;4;0
431;4;0
432;4;0
433;4;0
434;4;0
435;4;0
436;4;1
437;4;1
438;4;1
439;4;1
440;4;1
441;4;1
442;4;1
443;4;1
444;4;1
445;4;1
446;4;1
447;4;1
448;4;1
449;4;1
450;4;1
451;4;1
452;4;1
453;4;1
454;3;0
455;3;0
456;3;0
457;3;0
458;3;0
459;3;0
460;3;0
461;3;0
462;3;0
463;3;0
464;3;0
465;3;0
466;3;0
467;3;0
468;3;0
469;3;0
470;3;0
471;3;0
472;3;0
473;3;0
474;3;0
475;3;0
476;3;0
477;3;0
478;3;0
479;3;0
480;3;0
481;3;0
482;3;0
483;3;0
484;3;0
485;3;0
486;3;0
487;3;0
488;3;0
489;3;0
490;3;0
491;3;0
492;3;0
493;3;0
494;3;0
495;3;0
496;3;0
497;3;0
498;3;0
499;3;0
500;3;0
501;3;0
502;3;0
503;3;0
504;3;0
505;3;0
506;3;0
507;3;1
508;3;1
509;3;1
510;3;1
511;3;1
512;3;1
513;3;1
514;3;1
515;3;1
516;3;1
517;3;1
518;3;1
519;3;1
520;3;1
521;3;1
522;3;1
523;3;1
524;3;1
525;3;1
526;3;1
527;3;1
528;3;1
529;2;0
530;2;0
531;2;0
532;2;0
533;2;0
534;2;0
535;2;0
536;2;0
537;2;0
538;2;0
539;2;0
540;2;0
541;2;0
542;2;0
543;2;0
544;2;0
545;2;0
546;2;0
547;2;0
548;2;0
549;2;0
550;2;0
551;2;0
552;2;0
553;2;0
554;2;0
555;2;0
556;2;0
557;2;0
558;2;0
559;2;0
560;2;0
561;2;0
562;2;0
563;2;0
564;2;0
565;2;0
566;2;0
567;2;0
568;2;0
569;2;0
570;2;0
571;2;0
572;2;0
573;2;0
574;2;0
575;2;0
576;2;0
577;2;0
578;2;0
579;2;0
580;2;0
581;2;0
582;2;0
583;2;0
584;2;0
585;2;0
586;2;0
587;2;0
588;2;0
589;2;0
590;2;0
591;2;0
592;2;0
593;2;0
594;2;0
595;2;0
596;2;1
597;2;1
598;2;1
599;2;1
600;2;1
601;2;1
602;2;1
603;2;1
604;2;1
605;2;1
606;2;1
607;2;1
608;2;1
609;2;1
610;2;1
611;2;1
612;2;1
613;2;1
614;2;1
615;2;1
616;2;1
617;2;1
618;2;1
619;2;1
620;2;1
621;2;1
622;2;1
623;2;1
624;2;1
625;2;1
626;2;1
627;2;1
628;3;0
629;3;0
630;3;0
631;3;0
632;3;0
633;3;0
634;3;0
635;3;0
636;3;0
637;3;0
638;3;0
639;3;0
640;3;0
641;3;0
642;3;0
643;3;0
644;3;0
645;3;0
646;3;0
647;3;0
648;3;0
649;3;0
650;3;0
651;3;0
652;3;0
653;3;0
654;3;0
655;3;0
656;3;0
657;3;0
658;3;0
659;3;0
660;3;0
661;3;0
662;3;0
663;3;0
664;3;0
665;3;0
666;3;0
667;3;0
668;3;0
669;3;0
670;3;0
671;3;0
672;3;0
673;3;0
674;3;1
675;3;1
676;3;1
677;3;1
678;3;1
679;3;1
680;3;1
681;3;1
682;3;1
683;3;1
684;3;1
685;3;1
686;3;1
687;3;1
688;3;1
689;3;1
690;4;0
691;4;0
692;4;0
693;4;0
694;4;0
695;4;0
696;4;0
697;4;0
698;4;0
699;4;0
700;4;0
701;4;0
702;4;0
703;4;0
704;4;0
705;4;0
706;4;0
707;4;0
708;4;0
709;4;0
710;4;0
711;4;0
712;4;0
713;4;0
714;4;0
715;4;0
716;4;0
717;4;0
718;4;0
719;4;0
720;4;0
721;4;0
722;4;0
723;4;0
724;4;0
725;4;0
726;4;0
727;4;0
728;4;0
729;4;0
730;4;0
731;4;0
732;4;0
733;4;0
734;4;0
735;4;0
736;4;0
737;4;1
738;4;1
739;4;1
740;4;1
741;4;1
742;4;1
743;4;1
744;4;1
745;4;1
746;4;1
747;4;1
748;4;1
749;4;1
750;4;1
751;4;1
752;4;1
753;4;1
754;4;1
755;4;1
756;4;1
757;4;1
758;4;1
759;4;1
760;4;1
761;3;0
762;3;0
763;3;0
764;3;0
765;3;0
766;3;0
767;3;0
768;3;0
769;3;0
770;3;0
771;3;0
772;3;0
773;3;0
774;3;0
775;3;0
776;3;0
777;3;0
778;3;0
779;3;0
780;3;0
781;3;0
782;3;0
783;3;0
784;3;0
785;3;0
786;3;0
787;3;0
788;3;0
789;3;0
790;3;0
791;3;0
792;3;0
793;3;0
794;3;0
795;3;0
796;3;0
797;3;0
798;3;0
799;3;0
800;3;0
801;3;0
802;3;0
803;3;0
804;3;0
805;3;0
806;3;0
807;3;0
808;3;0
809;3;0
810;3;0
811;3;0
812;3;0
813;3;0
814;3;0
815;3;0
816;3;0
817;3;0
818;3;0
819;3;0
820;3;0
821;3;1
822;3;1
823;3;1
824;3;1
825;3;1
826;3;1
827;3;1
828;3;1
829;3;1
830;3;1
831;3;1
832;3;1
833;3;1
834;3;1
835;3;1
836;3;1
837;3;1
838;3;1
839;2;0
840;2;0
841;2;0
842;2;0
843;2;0
844;2;0
845;2;0
846;2;0
847;2;0
848;2;0
849;2;0
850;2;0
851;2;0
852;2;0
853;2;0
854;2;0
855;2;0
856;2;0
857;2;0
858;2;0
859;2;0
860;2;0
861;2;0
862;2;0
863;2;0
864;2;0
865;2;0
866;2;0
867;2;0
868;2;0
869;2;0
870;2;0
871;2;0
872;2;0
873;2;0
874;2;0
875;2;0
876;2;0
877;2;0
878;2;0
879;2;0
880;2;0
881;2;0
882;2;0
883;2;0
884;2;0
885;2;0
886;2;0
887;2;0
888;2;0
889;2;0
890;2;0
891;2;0
892;2;0
893;2;0
894;2;0
895;2;0
896;2;0
897;2;0
898;2;0
899;2;0
900;2;0
901;2;0
902;2;0
903;2;0
904;2;0
905;2;0
906;2;0
907;2;0
908;2;0
909;2;0
910;2;0
911;2;0
912;2;0
913;2;0
914;2;0
915;2;0
916;2;0
917;2;0
918;2;0
919;2;0
920;2;0
921;2;0
922;2;0
923;2;0
924;2;0
925;2;0
926;2;0
927;2;0
928;2;0
929;2;0
930;2;0
931;2;0
932;2;0
933;2;0
934;2;0
935;2;0
936;2;0
937;2;0
938;2;0
939;2;0
940;2;0
941;2;0
942;2;0
943;2;0
944;2;1
945;2;1
946;2;1
947;2;1
948;2;1
949;2;1
950;2;1
951;2;1
952;2;1
953;2;1
954;2;1
955;2;1
956;2;1
957;2;1
958;2;1
959;2;1
960;2;1
961;2;1
962;2;1
963;2;1
964;2;1
965;1;0
966;1;0
967;1;0
968;1;0
969;1;0
970;1;0
971;1;0
972;1;0
973;1;0
974;1;0
975;1;0
976;1;0
977;1;0
978;1;0
979;1;0
980;1;0
981;1;0
982;1;0
983;1;0
984;1;0
985;1;0
986;1;0
987;1;0
988;1;0
989;1;0
990;1;0
991;1;0
992;1;0
993;1;0
994;1;0
995;1;0
996;1;0
997;1;0
998;1;0
999;1;0
1000;1;0
1001;1;0
1002;1;0
1003;1;0
1004;1;0
1005;1;0
1006;1;0
1007;1;0
1008;1;0
1009;1;0
1010;1;0
1011;1;0
1012;1;0
1013;1;0
1014;1;0
1015;1;0
1016;1;0
1017;1;0
1018;1;0
1019;1;0
1020;1;0
1021;1;0
1022;1;0
1023;1;0
1024;1;0
1025;1;0
1026;1;0
1027;1;0
1028;1;0
1029;1;0
1030;1;0
1031;1;0
1032;1;0
1033;1;0
1034;1;0
1035;1;0
1036;1;0
1037;1;0
1038;1;0
1039;1;0
1040;1;0
1041;1;0
1042;1;0
1043;1;0
1044;1;0
1045;1;0
1046;1;0
1047;1;0
1048;1;0
1049;1;0
1050;1;0
1051;1;0
1052;1;0
1053;1;0
1054;1;0
1055;1;0
1056;1;0
1057;1;0
1058;1;0
1059;1;0
1060;1;0
1061;1;0
1062;1;0
1063;1;0
1064;1;0
1065;1;0
1066;1;0
1067;1;0
1068;1;0
1069;1;0
1070;1;0
1071;1;0
1072;1;0
1073;1;0
1074;1;0
1075;1;0
1076;1;0
1077;1;0
1078;1;0
1079;1;0
1080;1;0
1081;1;0
1082;1;0
1083;1;0
1084;1;0
1085;1;0
1086;1;0
1087;1;0
1088;1;0
1089;1;0
1090;1;0
1091;1;0
1092;1;0
1093;1;0
1094;1;0
1095;1;0
1096;1;0
1097;1;0
1098;1;0
1099;1;0
1100;1;0
1101;1;0
1102;1;0
1103;1;0
1104;1;0
1105;1;0
1106;1;0
1107;1;0
1108;1;1
1109;1;1
1110;1;1
1111;1;1
1112;1;1
1113;1;1
1114;1;1
1115;1;1
1116;1;1
1117;1;1
1118;1;1
1119;1;1
1120;1;1
1121;1;1
1122;1;1
1123;1;1
1124;1;1
1125;1;1
1126;1;1
1127;1;1
1128;1;1
1129;1;1
1130;1;1
1131;1;1
1132;1;1
1133;1;1
1134;1;1
1135;2;0
1136;2;0
1137;2;0
1138;2;0
1139;2;0
1140;2;0
1141;2;0
1142;2;0
1143;2;0
1144;2;0
1145;2;0
1146;2;0
1147;2;0
1148;2;0
1149;2;0
1150;2;0
1151;2;0
1152;2;0
1153;2;0
1154;2;0
1155;2;0
1156;2;0
1157;2;0
1158;2;0
1159;2;0
1160;2;0
1161;2;0
1162;2;0
1163;2;0
1164;2;0
1165;2;0
1166;2;0
1167;2;0
1168;2;0
1169;2;0
1170;2;0
1171;2;0
1172;2;0
1173;2;0
1174;2;0
1175;2;0
1176;2;0
1177;2;0
1178;2;0
1179;2;0
1180;2;0
1181;2;0
1182;2;0
1183;2;0
1184;2;0
1185;2;0
1186;2;0
1187;2;0
1188;2;0
1189;2;0
1190;2;0
1191;2;0
1192;2;0
1193;2;0
1194;2;0
1195;2;0
1196;2;0
1197;2;0
1198;2;0
1199;2;0
1200;2;0
1201;2;0
1202;2;0
1203;2;0
1204;2;0
1205;2;0
1206;2;0
1207;2;0
1208;2;0
1209;2;0
1210;2;0
1211;2;0
1212;2;0
1213;2;0
1214;2;0
1215;2;0
1216;2;0
1217;2;0
1218;2;0
1219;2;0
1220;2;0
1221;2;0
1222;2;0
1223;2;0
1224;2;0
1225;2;0
1226;2;0
1227;2;0
1228;2;0
1229;2;0
1230;2;0
1231;2;0
1232;2;0
1233;2;0
1234;2;0
1235;2;0
1236;2;0
1237;2;0
1238;2;0
1239;2;0
1240;2;0
1241;2;0
1242;2;0
1243;2;0
1244;2;0
1245;2;0
1246;2;0
1247;2;0
1248;2;0
1249;2;0
1250;2;0
1251;2;0
1252;2;0
1253;2;0
1254;2;0
1255;2;0
1256;2;0
1257;2;0
1258;2;0
1259;2;0
1260;2;0
1261;2;0
1262;2;0
1263;2;0
1264;2;0
1265;2;0
1266;2;0
1267;2;0
1268;2;0
1269;2;0
1270;2;0
1271;2;0
1272;2;0
1273;2;0
1274;2;0
1275;2;0
1276;2;0
1277;2;0
1278;2;0
1279;2;0
1280;2;0
1281;2;0
1282;2;0
1283;2;0
1284;2;0
1285;2;0
1286;2;1
1287;2;1
1288;2;1
1289;2;1
1290;2;1
1291;2;1
1292;2;1
1293;2;1
1294;2;1
1295;2;1
1296;2;1
1297;2;1
1298;2;1
1299;2;1
1300;2;1
1301;2;1
1302;2;1
1303;2;1
1304;2;1
1305;2;1
1306;2;1
1307;2;1
1308;2;1
1309;2;1
1310;2;1
1311;2;1
1312;2;1
1313;2;1
1314;2;1
1315;2;1
1316;2;1
1317;2;1
1318;3;0
1319;3;0
1320;3;0
1321;3;0
1322;3;0
1323;3;0
1324;3;0
1325;3;0
1326;3;0
1327;3;0
1328;3;0
1329;3;0
1330;3;0
1331;3;0
1332;3;0
1333;3;0
1334;3;0
1335;3;0
1336;3;0
1337;3;0
1338;3;0
1339;3;0
1340;3;0
1341;3;0
1342;3;0
1343;3;0
1344;3;0
1345;3;0
1346;3;0
1347;3;0
1348;3;0
1349;3;0
1350;3;0
1351;3;0
1352;3;0
1353;3;0
1354;3;0
1355;3;0
1356;3;0
1357;3;0
1358;3;0
1359;3;0
1360;3;0
1361;3;0
1362;3;0
1363;3;0
1364;3;0
1365;3;0
1366;3;0
1367;3;0
1368;3;0
1369;3;0
1370;3;0
1371;3;0
1372;3;0
1373;3;0
1374;3;0
1375;3;1
1376;3;1
1377;3;1
1378;3;1
1379;3;1
1380;3;1
1381;3;1
1382;3;1
1383;3;1
1384;3;1
1385;3;1
1386;3;1
1387;3;1
1388;3;1
1389;4;0
1390;4;0
1391;4;0
1392;4;0
1393;4;0
1394;4;0
1395;4;0
1396;4;0
1397;4;0
1398;4;0
1399;4;0
1400;4;0
1401;4;0
1402;4;0
1403;4;0
1404;4;0
1405;4;0
1406;4;0
1407;4;0
1408;4;0
1409;4;0
1410;4;0
1411;4;0
1412;4;0
1413;4;0
1414;4;0
1415;4;0
1416;4;0
1417;4;0
1418;4;0
1419;4;0
1420;4;0
1421;4;0
1422;4;0
1423;4;0
1424;4;0
1425;4;0
1426;4;0
1427;4;0
1428;4;0
1429;4;0
1430;4;0
1431;4;0
1432;4;0
1433;4;0
1434;4;0
1435;4;0
1436;4;0
1437;4;0
1438;4;0
1439;4;0
1440;4;0
1441;4;0
1442;4;0
1443;4;0
1444;4;0
1445;4;0
1446;4;0
1447;4;0
1448;4;0
1449;4;0
1450;4;0
1451;4;0
1452;4;0
1453;4;0
1454;4;0
1455;4;0
1456;4;0
1457;4;1
1458;4;1
1459;4;1
1460;4;1
1461;4;1
1462;4;1
1463;4;1
1464;4;1
1465;4;1
1466;4;1
1467;4;1
1468;4;1
1469;4;1
1470;4;1
1471;4;1
1472;4;1
1473;4;1
1474;4;1
1475;4;1
1476;4;1
1477;4;1
1478;4;1
1479;4;1
1480;4;1
1481;3;0
1482;3;0
1483;3;0
1484;3;0
1485;3;0
1486;3;0
1487;3;0
1488;3;0
1489;3;0
1490;3;0
1491;3;0
1492;3;0
1493;3;0
1494;3;0
1495;3;0
1496;3;0
1497;3;0
1498;3;0
1499;3;0
1500;3;0
1501;3;0
1502;3;0
1503;3;0
1504;3;0
1505;3;0
1506;3;0
1507;3;0
1508;3;0
1509;3;0
1510;3;0
1511;3;0
1512;3;0
1513;3;0
1514;3;0
1515;3;0
1516;3;0
1517;3;0
1518;3;0
1519;3;0
1520;3;0
1521;3;0
1522;3;0
1523;3;0
1524;3;0
1525;3;0
1526;3;0
1527;3;0
1528;3;0
1529;3;0
1530;3;0
1531;3;0
1532;3;0
1533;3;0
1534;3;0
1535;3;0
1536;3;0
1537;3;0
1538;3;0
1539;3;0
1540;3;0
1541;3;0
1542;3;0
1543;3;0
1544;3;0
1545;3;0
1546;3;0
1547;3;0
1548;3;0
1549;3;0
1550;3;0
1551;3;0
1552;3;0
1553;3;0
1554;3;0
1555;3;0
1556;3;0
1557;3;0
1558;3;0
1559;3;0
1560;3;0
1561;3;0
1562;3;0
1563;3;0
1564;3;0
1565;3;0
1566;3;0
1567;3;0
1568;3;0
1569;3;0
1570;3;0
1571;3;0
1572;3;0
1573;3;0
1574;3;0
1575;3;0
1576;3;0
1577;3;0
1578;3;0
1579;3;0
1580;3;0
1581;3;0
1582;3;0
1583;3;0
1584;3;0
1585;3;0
1586;3;0
1587;3;0
1588;3;0
1589;3;0
1590;3;0
1591;3;0
1592;3;0
1593;3;0
1594;3;0
1595;3;0
1596;3;0
1597;3;0
1598;3;0
1599;3;0
1600;3;0
1601;3;0
1602;3;0
1603;3;0
1604;3;0
1605;3;0
1606;3;0
1607;3;0
1608;3;0
1609;3;0
1610;3;0
1611;3;0
1612;3;0
1613;3;0
1614;3;0
1615;3;0
1616;3;0
1617;3;0
1618;3;0
1619;3;0
1620;3;0
1621;3;0
1622;3;0
1623;3;0
1624;3;0
1625;3;0
1626;3;0
1627;3;0
1628;3;0
1629;3;0
1630;3;1
1631;3;1
1632;3;1
1633;3;1
1634;3;1
1635;3;1
1636;3;1
1637;3;1
1638;3;1
1639;3;1
1640;3;1
1641;3;1
1642;3;1
1643;3;1
1644;3;1
1645;3;1
1646;3;1
1647;3;1
1648;3;1
1649;3;1
1650;3;1
1651;3;1
1652;3;1
1653;3;1
1654;3;1
1655;3;1
1656;3;1
1657;3;1
1658;3;1
1659;3;1
1660;3;1
1661;3;1
1662;3;1
1663;2;0
1664;2;0
1665;2;0
1666;2;0
1667;2;0
1668;2;0
1669;2;0
1670;2;0
1671;2;0
1672;2;0
1673;2;0
1674;2;0
1675;2;0
1676;2;0
1677;2;0
1678;2;0
1679;2;0
1680;2;0
1681;2;0
1682;2;0
1683;2;0
1684;2;0
1685;2;0
1686;2;0
1687;2;0
1688;2;0
1689;2;0
1690;2;0
1691;2;0
1692;2;0
1693;2;0
1694;2;0
1695;2;0
1696;2;0
1697;2;0
1698;2;0
1699;2;0
1700;2;0
1701;2;0
1702;2;0
1703;2;0
1704;2;0
1705;2;0
1706;2;0
1707;2;0
1708;2;0
1709;2;0
1710;2;0
1711;2;0
1712;2;0
1713;2;0
1714;2;0
1715;2;0
1716;2;0
1717;2;0
1718;2;0
1719;2;0
1720;2;0
1721;2;0
1722;2;0
1723;2;0
1724;2;0
1725;2;0
1726;2;0
1727;2;0
1728;2;0
1729;2;0
1730;2;0
1731;2;0
1732;2;0
1733;2;0
1734;2;0
1735;2;0
1736;2;0
1737;2;0
1738;2;0
1739;2;0
1740;2;0
1741;2;0
1742;2;0
1743;2;0
1744;2;0
1745;2;0
1746;2;0
1747;2;0
1748;2;0
1749;2;0
1750;2;0
1751;2;0
1752;2;0
1753;2;0
1754;2;0
1755;2;0
1756;2;0
1757;2;0
1758;2;0
1759;2;0
1760;2;0
1761;2;0
1762;2;0
1763;2;0
1764;2;0
1765;2;0
1766;2;0
1767;2;0
1768;2;0
1769;2;0
1770;2;0
1771;2;0
1772;2;0
1773;2;0
1774;2;0
1775;2;0
1776;2;0
1777;2;0
1778;2;0
1779;2;0
1780;2;0
1781;2;0
1782;2;0
1783;2;0
1784;2;0
1785;2;0
1786;2;0
1787;2;0
1788;2;0
1789;2;0
1790;2;0
1791;2;0
1792;2;0
1793;2;0
1794;2;0
1795;2;0
1796;2;0
1797;2;0
1798;2;0
1799;2;0
1800;2;0
1801;2;0
1802;2;0
1803;2;0
1804;2;0
1805;2;0
1806;2;0
1807;2;0
1808;2;0
1809;2;0
1810;2;0
1811;2;0
1812;2;0
1813;2;0
1814;2;0
1815;2;0
1816;2;0
1817;2;0
1818;2;0
1819;2;0
1820;2;0
1821;2;0
1822;2;0
1823;2;0
1824;2;0
1825;2;0
1826;2;0
1827;2;0
1828;2;0
1829;2;1
1830;2;1
1831;2;1
1832;2;1
1833;2;1
1834;2;1
1835;2;1
1836;2;1
1837;2;1
1838;2;1
1839;2;1
1840;2;1
1841;2;1
1842;2;1
1843;2;1
1844;2;1
1845;2;1
1846;2;1
1847;2;1
1848;2;1
1849;3;0
1850;3;0
1851;3;0
1852;3;0
1853;3;0
1854;3;0
1855;3;0
1856;3;0
1857;3;0
1858;3;0
1859;3;0
1860;3;0
1861;3;0
1862;3;0
1863;3;0
1864;3;0
1865;3;0
1866;3;0
1867;3;0
1868;3;0
1869;3;0
1870;3;0
1871;3;0
1872;3;0
1873;3;0
1874;3;0
1875;3;0
1876;3;0
1877;3;0
1878;3;0
1879;3;0
1880;3;0
1881;3;0
1882;3;0
1883;3;0
1884;3;0
1885;3;0
1886;3;0
1887;3;0
1888;3;0
1889;3;0
1890;3;0
1891;3;0
1892;3;0
1893;3;0
1894;3;0
1895;3;0
1896;3;0
1897;3;0
1898;3;0
1899;3;0
1900;3;0
1901;3;0
1902;3;0
1903;3;0
1904;3;0
1905;3;0
1906;3;0
1907;3;0
1908;3;0
1909;3;0
1910;3;0
1911;3;0
1912;3;0
1913;3;0
1914;3;0
1915;3;0
1916;3;0
1917;3;0
1918;3;0
1919;3;1
1920;3;1
1921;3;1
1922;3;1
1923;3;1
1924;3;1
1925;3;1
1926;3;1
1927;3;1
1928;3;1
1929;3;1
1930;3;1
1931;3;1
1932;3;1
1933;3;1
1934;3;1
1935;3;1
1936;3;1
1937;3;1
1938;2;0
1939;2;0
1940;2;0
1941;2;0
1942;2;0
1943;2;0
1944;2;0
1945;2;0
1946;2;0
1947;2;0
1948;2;0
1949;2;0
1950;2;0
1951;2;0
1952;2;0
1953;2;0
1954;2;0
1955;2;0
1956;2;0
1957;2;0
1958;2;0
1959;2;0
1960;2;0
1961;2;0
1962;2;0
1963;2;0
1964;2;0
1965;2;0
1966;2;0
1967;2;0
1968;2;0
1969;2;0
1970;2;0
1971;2;0
1972;2;0
1973;2;0
1974;2;0
1975;2;0
1976;2;0
1977;2;0
1978;2;0
1979;2;0
1980;2;0
1981;2;0
1982;2;0
1983;2;0
1984;2;0
1985;2;0
1986;2;0
1987;2;0
1988;2;0
1989;2;0
1990;2;0
1991;2;0
1992;2;0
1993;2;0
1994;2;0
1995;2;0
1996;2;0
1997;2;0
1998;2;0
1999;2;0
2000;2;0
2001;2;0
2002;2;0
2003;2;0
2004;2;0
2005;2;0
2006;2;0
2007;2;0
2008;2;0
2009;2;0
2010;2;0
2011;2;1
2012;2;1
2013;2;1
2014;2;1
2015;2;1
2016;2;1
2017;2;1
2018;2;1
2019;2;1
2020;2;1
2021;2;1
2022;2;1
2023;2;1
2024;2;1
2025;2;1
2026;2;1
2027;2;1
2028;1;0
2029;1;0
2030;1;0
2031;1;0
2032;1;0
2033;1;0
2034;1;0
2035;1;0
2036;1;0
2037;1;0
2038;1;0
2039;1;0
2040;1;0
2041;1;0
2042;1;0
2043;1;0
2044;1;0
2045;1;0
2046;1;0
2047;1;0
2048;1;0
2049;1;0
2050;1;0
2051;1;0
2052;1;0
2053;1;0
2054;1;0
2055;1;0
2056;1;0
2057;1;0
2058;1;0
2059;1;0
2060;1;0
2061;1;0
2062;1;0
2063;1;0
2064;1;0
2065;1;0
2066;1;0
2067;1;0
2068;1;0
2069;1;0
2070;1;0
2071;1;0
2072;1;0
2073;1;0
2074;1;0
2075;1;0
2076;1;0
2077;1;0
2078;1;0
2079;1;0
2080;1;0
2081;1;0
2082;1;0
2083;1;0
2084;1;0
2085;1;0
2086;1;0
2087;1;0
2088;1;0
2089;1;0
2090;1;0
2091;1;0
2092;1;0
2093;1;0
2094;1;0
2095;1;0
2096;1;0
2097;1;0
2098;1;0
2099;1;0
2100;1;0
2101;1;0
2102;1;0
2103;1;0
2104;1;0
2105;1;0
2106;1;0
2107;1;0
2108;1;0
2109;1;0
2110;1;0
2111;1;0
2112;1;0
2113;1;0
2114;1;0
2115;1;0
2116;1;0
2117;1;0
2118;1;0
2119;1;0
2120;1;0
2121;1;0
2122;1;0
2123;1;0
2124;1;0
2125;1;0
2126;1;0
2127;1;0
2128;1;0
2129;1;0
2130;1;0
2131;1;0
2132;1;0
2133;1;0
2134;1;0
2135;1;0
2136;1;0
2137;1;0
2138;1;0
2139;1;0
2140;1;0
2141;1;0
2142;1;0
2143;1;0
2144;1;0
2145;1;0
2146;1;0
2147;1;0
2148;1;0
2149;1;0
2150;1;0
2151;1;0
2152;1;0
2153;1;0
2154;1;0
2155;1;0
2156;1;0
2157;1;0
2158;1;0
2159;1;0
2160;1;0
2161;1;0
2162;1;0
2163;1;0
2164;1;0
2165;1;0
2166;1;0
2167;1;0
2168;1;0
2169;1;0
2170;1;0
2171;1;0
2172;1;0
2173;1;0
2174;1;0
2175;1;0
2176;1;0
2177;1;0
2178;1;0
2179;1;0
2180;1;0
2181;1;0
2182;1;0
2183;1;0
2184;1;0
2185;1;0
2186;1;0
2187;1;0
2188;1;0
2189;1;0
2190;1;0
2191;1;0
2192;1;0
2193;1;0
2194;1;0
2195;1;0
2196;1;0
2197;1;0
2198;1;0
2199;1;0
2200;1;0
2201;1;0
2202;1;0
2203;1;0
2204;1;0
2205;1;0
2206;1;0
2207;1;0
2208;1;0
2209;1;0
2210;1;0
2211;1;0
2212;1;0
2213;1;0
2214;1;0
2215;1;0
2216;1;0
2217;1;0
2218;1;0
2219;1;0
2220;1;0
2221;1;0
2222;1;0
2223;1;0
2224;1;0
2225;1;0
2226;1;0
2227;1;0
2228;1;0
2229;1;0
2230;1;0
2231;1;0
2232;1;0
2233;1;0
2234;1;0
2235;1;0
2236;1;0
2237;1;0
2238;1;0
2239;1;0
2240;1;0
2241;1;0
2242;1;0
2243;1;0
2244;1;0
2245;1;0
2246;1;0
2247;1;0
2248;1;0
2249;1;0
2250;1;0
2251;1;0
2252;1;0
2253;1;0
2254;1;0
2255;1;0
2256;1;0
2257;1;0
2258;1;0
2259;1;0
2260;1;0
2261;1;0
2262;1;0
2263;1;0
2264;1;0
2265;1;0
2266;1;0
2267;1;0
2268;1;0
2269;1;0
2270;1;0
2271;1;0
2272;1;0
2273;1;0
2274;1;0
2275;1;0
2276;1;0
2277;1;0
2278;1;0
2279;1;0
2280;1;0
2281;1;0
2282;1;0
2283;1;1
2284;1;1
2285;1;1
2286;1;1
2287;1;1
2288;1;1
2289;1;1
2290;1;1
2291;1;1
2292;1;1
2293;1;1
2294;1;1
2295;1;1
2296;1;1
2297;1;1
2298;1;1
2299;1;1
2300;1;1
2301;1;1
2302;1;1
2303;1;1
2304;1;1
2305;1;1
2306;1;1
2307;1;1
2308;1;1
2309;1;1
2310;1;1
2311;1;1
2312;1;1
2313;1;1
2314;1;1
2315;1;1
2316;1;1
2317;1;1
2318;1;1
2319;1;1
2320;1;1
2321;1;1
2322;1;1
2323;1;1
2324;2;0
2325;2;0
2326;2;0
2327;2;0
2328;2;0
2329;2;0
2330;2;0
2331;2;0
2332;2;0
2333;2;0
2334;2;0
2335;2;0
2336;2;0
2337;2;0
2338;2;0
2339;2;0
2340;2;0
2341;2;0
2342;2;0
2343;2;0
2344;2;0
2345;2;0
2346;2;0
2347;2;0
2348;2;0
2349;2;0
2350;2;0
2351;2;0
2352;2;0
2353;2;0
2354;2;0
2355;2;0
2356;2;0
2357;2;0
2358;2;0
2359;2;0
2360;2;0
2361;2;0
2362;2;0
2363;2;0
2364;2;0
2365;2;0
2366;2;0
2367;2;0
2368;2;0
2369;2;0
2370;2;0
2371;2;0
2372;2;0
2373;2;0
2374;2;0
2375;2;0
2376;2;0
2377;2;0
2378;2;0
2379;2;0
2380;2;0
2381;2;0
2382;2;0
2383;2;0
2384;2;0
2385;2;0
2386;2;0
2387;2;0
2388;2;1
2389;2;1
2390;2;1
2391;2;1
2392;2;1
2393;2;1
2394;2;1
2395;2;1
2396;2;1
2397;2;1
2398;2;1
2399;2;1
2400;2;1
2401;2;1
2402;2;1
2403;2;1
2404;2;1
2405;2;1
2406;3;0
2407;3;0
2408;3;0
2409;3;0
2410;3;0
2411;3;0
2412;3;0
2413;3;0
2414;3;0
2415;3;0
2416;3;0
2417;3;0
2418;3;0
2419;3;0
2420;3;0
2421;3;0
2422;3;0
2423;3;0
2424;3;0
2425;3;0
2426;3;0
2427;3;0
2428;3;0
2429;3;0
2430;3;0
2431;3;0
2432;3;0
2433;3;0
2434;3;0
2435;3;0
2436;3;0
2437;3;0
2438;3;0
2439;3;0
2440;3;0
2441;3;0
2442;3;0
2443;3;0
2444;3;0
2445;3;0
2446;3;0
2447;3;0
2448;3;0
2449;3;0
2450;3;0
2451;3;0
2452;3;0
2453;3;0
2454;3;0
2455;3;1
2456;3;1
2457;3;1
2458;3;1
2459;3;1
2460;3;1
2461;3;1
2462;3;1
2463;3;1
2464;3;1
2465;3;1
2466;3;1
2467;3;1
2468;3;1
2469;3;1
2470;3;1
2471;3;1
2472;3;1
2473;4;0
2474;4;0
2475;4;0
2476;4;0
2477;4;0
2478;4;0
2479;4;0
2480;4;0
2481;4;0
2482;4;0
2483;4;0
2484;4;0
2485;4;0
2486;4;0
2487;4;0
2488;4;0
2489;4;0
2490;4;0
2491;4;0
2492;4;0
2493;4;0
2494;4;0
2495;4;0
2496;4;0
2497;4;0
2498;4;0
2499;4;0
2500;4;0
2501;4;0
2502;4;0
2503;4;0
2504;4;0
2505;4;0
2506;4;0
2507;4;0
2508;4;0
2509;4;0
2510;4;0
2511;4;0
2512;4;0
2513;4;0
2514;4;0
2515;4;0
2516;4;0
2517;4;0
2518;4;0
2519;4;0
2520;4;0
2521;4;0
2522;4;0
2523;4;0
2524;4;0
2525;4;0
2526;4;0
2527;4;0
2528;4;0
2529;4;0
2530;4;0
2531;4;0
2532;4;0
2533;4;0
2534;4;0
2535;4;0
2536;4;0
2537;4;0
2538;4;1
2539;4;1
2540;4;1
2541;4;1
2542;4;1
2543;4;1
2544;4;1
2545;4;1
2546;4;1
2547;4;1
2548;4;1
2549;4;1
2550;4;1
2551;4;1
2552;4;1
2553;4;1
2554;4;1
2555;4;1
2556;4;1
2557;4;1
2558;3;0
2559;3;0
2560;3;0
2561;3;0
2562;3;0
2563;3;0
2564;3;0
2565;3;0
2566;3;0
2567;3;0
2568;3;0
2569;3;0
2570;3;0
2571;3;0
2572;3;0
2573;3;0
2574;3;0
2575;3;0
2576;3;0
2577;3;0
2578;3;0
2579;3;0
2580;3;0
2581;3;0
2582;3;0
2583;3;0
2584;3;0
2585;3;0
2586;3;0
2587;3;0
2588;3;0
2589;3;0
2590;3;0
2591;3;0
2592;3;0
2593;3;0
2594;3;0
2595;3;0
2596;3;0
2597;3;0
2598;3;0
2599;3;0
2600;3;0
2601;3;0
2602;3;0
2603;3;0
2604;3;0
2605;3;0
2606;3;0
2607;3;0
2608;3;0
2609;3;0
2610;3;0
2611;3;0
2612;3;0
2613;3;0
2614;3;0
2615;3;0
2616;3;0
2617;3;1
2618;3;1
2619;3;1
2620;3;1
2621;3;1
2622;3;1
2623;3;1
2624;3;1
2625;3;1
2626;3;1
2627;3;1
2628;3;1
2629;3;1
2630;3;1
2631;3;1
2632;3;1
2633;3;1
2634;2;0
2635;2;0
2636;2;0
2637;2;0
2638;2;0
2639;2;0
2640;2;0
2641;2;0
2642;2;0
2643;2;0
2644;2;0
2645;2;0
2646;2;0
2647;2;0
2648;2;0
2649;2;0
2650;2;0
2651;2;0
2652;2;0
2653;2;0
2654;2;0
2655;2;0
2656;2;0
2657;2;0
2658;2;0
2659;2;0
2660;2;0
2661;2;0
2662;2;0
2663;2;0
2664;2;0
2665;2;0
2666;2;0
2667;2;0
2668;2;0
2669;2;0
2670;2;0
2671;2;0
2672;2;0
2673;2;0
2674;2;0
2675;2;0
2676;2;0
2677;2;0
2678;2;0
2679;2;0
2680;2;0
2681;2;0
2682;2;0
2683;2;0
2684;2;0
2685;2;1
2686;2;1
2687;2;1
2688;2;1
2689;2;1
2690;2;1
2691;2;1
2692;2;1
2693;2;1
2694;2;1
2695;2;1
2696;2;1
2697;2;1
2698;2;1
2699;2;1
2700;2;1
2701;2;1
2702;2;1
2703;2;1
2704;2;1
2705;1;0
2706;1;0
2707;1;0
2708;1;0
2709;1;0
2710;1;0
2711;1;0
2712;1;0
2713;1;0
2714;1;0
2715;1;0
2716;1;0
2717;1;0
2718;1;0
2719;1;0
2720;1;0
2721;1;0
2722;1;0
2723;1;0
2724;1;0
2725;1;0
2726;1;0
2727;1;0
2728;1;0
2729;1;0
2730;1;0
2731;1;0
2732;1;0
2733;1;0
2734;1;0
2735;1;0
2736;1;0
2737;1;0
2738;1;0
2739;1;0
2740;1;0
2741;1;0
2742;1;0
2743;1;0
2744;1;0
2745;1;0
2746;1;0
2747;1;0
2748;1;0
2749;1;0
2750;1;0
2751;1;0
2752;1;0
2753;1;0
2754;1;0
2755;1;0
2756;1;0
2757;1;0
2758;1;0
2759;1;0
2760;1;0
2761;1;0
2762;1;0
2763;1;0
2764;1;0
2765;1;0
2766;1;0
2767;1;0
2768;1;0
2769;1;0
2770;1;0
2771;1;0
2772;1;0
2773;1;0
2774;1;0
2775;1;0
2776;1;0
2777;1;0
2778;1;0
2779;1;0
2780;1;0
2781;1;0
2782;1;0
2783;1;0
2784;1;0
2785;1;0
2786;1;0
2787;1;0
2788;1;0
2789;1;0
2790;1;0
2791;1;0
2792;1;0
2793;1;0
2794;1;0
2795;1;0
2796;1;0
2797;1;0
2798;1;0
2799;1;0
2800;1;0
2801;1;0
2802;1;0
2803;1;0
2804;1;0
2805;1;0
2806;1;0
2807;1;0
2808;1;0
2809;1;0
2810;1;0
2811;1;0
2812;1;0
2813;1;0
2814;1;0
2815;1;0
2816;1;0
2817;1;0
2818;1;0
2819;1;0
2820;1;0
2821;1;0
2822;1;0
2823;1;0
2824;1;0
2825;1;0
2826;1;0
2827;1;0
2828;1;0
2829;1;0
2830;1;0
2831;1;0
2832;1;0
2833;1;0
2834;1;0
2835;1;0
2836;1;0
2837;1;0
2838;1;0
2839;1;0
2840;1;0
2841;1;0
2842;1;0
2843;1;0
2844;1;0
2845;1;0
2846;1;0
2847;1;0
2848;1;0
2849;1;0
2850;1;0
2851;1;0
2852;1;0
2853;1;0
2854;1;0
2855;1;0
2856;1;0
2857;1;0
2858;1;0
2859;1;0
2860;1;0
2861;1;0
2862;1;0
2863;1;0
2864;1;0
2865;1;0
2866;1;0
2867;1;0
2868;1;0
2869;1;0
2870;1;0
2871;1;0
2872;1;0
2873;1;0
2874;1;0
2875;1;0
2876;1;0
2877;1;0
2878;1;0
2879;1;0
2880;1;0
2881;1;0
2882;1;0
2883;1;0
2884;1;0
2885;1;0
2886;1;0
2887;1;0
2888;1;0
2889;1;0
2890;1;0
2891;1;0
2892;1;0
2893;1;0
2894;1;0
2895;1;0
2896;1;0
2897;1;0
2898;1;0
2899;1;0
2900;1;0
2901;1;0
2902;1;0
2903;1;0
2904;1;0
2905;1;0
2906;1;0
2907;1;0
2908;1;0
2909;1;0
2910;1;0
2911;1;0
2912;1;0
2913;1;0
2914;1;0
2915;1;0
2916;1;0
2917;1;0
2918;1;0
2919;1;0
2920;1;0
2921;1;0
2922;1;0
2923;1;0
2924;1;0
2925;1;0
2926;1;0
2927;1;0
2928;1;0
2929;1;0
2930;1;0
2931;1;0
2932;1;0
2933;1;0
2934;1;0
2935;1;0
2936;1;0
2937;1;0
2938;1;0
2939;1;0
2940;1;0
2941;1;0
2942;1;0
2943;1;0
2944;1;0
2945;1;0
2946;1;0
2947;1;0
2948;1;0
2949;1;0
2950;1;0
2951;1;0
2952;1;0
2953;1;0
2954;1;0
2955;1;0
2956;1;0
2957;1;0
2958;1;0
2959;1;0
2960;1;0
2961;1;0
2962;1;0
2963;1;0
2964;1;0
2965;1;0
2966;1;0
2967;1;0
2968;1;0
2969;1;0
2970;1;0
2971;1;0
2972;1;0
2973;1;0
2974;1;0
2975;1;0
2976;1;0
2977;1;0
2978;1;0
2979;1;0
2980;1;0
2981;1;0
