238;4;0
239;4;0
240;4;0
241;4;0
242;4;0
243;4;0
244;4;0
245;4;0
246;4;0
247;4;0
248;4;0
249;4;0
250;4;1
251;4;1
252;4;1
253;4;1
254;4;1
255;4;1
256;4;1
257;4;1
258;4;1
259;4;1
260;4;1
261;4;1
262;4;1
263;4;1
264;3;0
265;3;0
266;3;0
267;3;0
268;3;0
269;3;0
270;3;0
271;3;0
272;3;0
273;3;0
274;3;0
275;3;0
276;3;0
277;3;0
278;3;0
279;3;0
280;3;0
281;3;0
282;3;0
283;3;0
284;3;0
285;3;0
286;3;0
287;3;0
288;3;0
289;3;0
290;3;0
291;3;0
292;3;0
293;3;0
294;3;0
295;3;0
296;3;0
297;3;0
298;3;0
299;3;0
300;3;0
301;3;0
302;3;0
303;3;0
304;3;0
305;3;0
306;3;0
307;3;0
308;3;0
309;3;0
310;3;0
311;3;0
312;3;0
313;3;0
314;3;0
315;3;0
316;3;0
317;3;0
318;3;0
319;3;0
320;3;0
321;3;0
322;3;0
323;3;0
324;3;0
325;3;0
326;3;0
327;3;0
328;3;0
329;3;0
330;3;0
331;3;0
332;3;0
333;3;0
334;3;0
335;3;0
336;3;0
337;3;0
338;3;0
339;3;0
340;3;0
341;3;0
342;3;0
343;3;0
344;3;0
345;3;0
346;3;0
347;3;0
348;3;0
349;3;0
350;3;0
351;3;1
352;3;1
353;3;1
354;3;1
355;3;1
356;3;1
357;3;1
358;3;1
359;3;1
360;3;1
361;3;1
362;3;1
363;3;1
364;3;1
365;3;1
366;3;1
367;3;1
368;3;1
369;3;1
370;3;1
371;3;1
372;4;0
373;4;0
374;4;0
375;4;0
376;4;0
377;4;0
378;4;0
379;4;0
380;4;0
381;4;0
382;4;0
383;4;0
384;4;0
385;4;0
386;4;0
387;4;0
388;4;0
389;4;0
390;4;0
391;4;0
392;4;0
393;4;0
394;4;0
395;4;0
396;4;0
397;4;0
398;4;0
399;4;0
400;4;0
401;4;0
402;4;0
403;4;0
404;4;0
405;4;0
406;4;0
407;4;0
408;4;0
409;4;0
410;4;0
411;4;0
412;4;0
413;4;0
414;4;0
415;4;0
416;4;0
417;4;0
418;4;0
419;4;0
420;4;0
421;4;0
422;4;0
423;4;0
424;4;0
425;4;0
426;4;0
427;4;0
428;4;0
429;4;0
430;4;0
431;4;0
432;4;0
433;4;1
434;4;1
435;4;1
436;4;1
437;4;1
438;4;1
439;4;1
440;4;1
441;4;1
442;4;1
443;4;1
444;4;1
445;4;1
446;4;1
447;4;1
448;4;1
449;4;1
450;4;1
451;4;1
452;3;0
453;3;0
454;3;0
455;3;0
456;3;0
457;3;0
458;3;0
459;3;0
460;3;0
461;3;0
462;3;0
463;3;0
464;3;0
465;3;0
466;3;0
467;3;0
468;3;0
469;3;0
470;3;0
471;3;0
472;3;0
473;3;0
474;3;0
475;3;0
476;3;0
477;3;0
478;3;0
479;3;0
480;3;0
481;3;0
482;3;0
483;3;0
484;3;0
485;3;0
486;3;0
487;3;0
488;3;0
489;3;0
490;3;0
491;3;0
492;3;0
493;3;0
494;3;0
495;3;0
496;3;0
497;3;0
498;3;0
499;3;0
500;3;0
501;3;0
502;3;0
503;3;0
504;3;0
505;3;0
506;3;0
507;3;1
508;3;1
509;3;1
510;3;1
511;3;1
512;3;1
513;3;1
514;3;1
515;3;1
516;3;1
517;3;1
518;3;1
519;3;1
520;3;1
521;3;1
522;3;1
523;3;1
524;3;1
525;2;0
526;2;0
527;2;0
528;2;0
529;2;0
530;2;0
531;2;0
532;2;0
533;2;0
534;2;0
535;2;0
536;2;0
537;2;0
538;2;0
539;2;0
540;2;0
541;2;0
542;2;0
543;2;0
544;2;0
545;2;0
546;2;0
547;2;0
548;2;0
549;2;0
550;2;0
551;2;0
552;2;0
553;2;0
554;2;0
555;2;0
556;2;0
557;2;0
558;2;0
559;2;0
560;2;0
561;2;0
562;2;0
563;2;0
564;2;0
565;2;0
566;2;0
567;2;0
568;2;0
569;2;0
570;2;0
571;2;0
572;2;0
573;2;0
574;2;0
575;2;0
576;2;0
577;2;0
578;2;0
579;2;0
580;2;0
581;2;0
582;2;0
583;2;0
584;2;0
585;2;0
586;2;0
587;2;0
588;2;0
589;2;0
590;2;0
591;2;0
592;2;0
593;2;0
594;2;0
595;2;0
596;2;0
597;2;1
598;2;1
599;2;1
600;2;1
601;2;1
602;2;1
603;2;1
604;2;1
605;2;1
606;2;1
607;2;1
608;2;1
609;2;1
610;2;1
611;2;1
612;2;1
613;2;1
614;2;1
615;2;1
616;2;1
617;2;1
618;2;1
619;2;1
620;3;0
621;3;0
622;3;0
623;3;0
624;3;0
625;3;0
626;3;0
627;3;0
628;3;0
629;3;0
630;3;0
631;3;0
632;3;0
633;3;0
634;3;0
635;3;0
636;3;0
637;3;0
638;3;0
639;3;0
640;3;0
641;3;0
642;3;0
643;3;0
644;3;0
645;3;0
646;3;0
647;3;0
648;3;0
649;3;0
650;3;0
651;3;0
652;3;0
653;3;0
654;3;0
655;3;0
656;3;0
657;3;0
658;3;0
659;3;0
660;3;0
661;3;0
662;3;0
663;3;0
664;3;0
665;3;0
666;3;0
667;3;0
668;3;1
669;3;1
670;3;1
671;3;1
672;3;1
673;3;1
674;3;1
675;3;1
676;3;1
677;3;1
678;3;1
679;3;1
680;3;1
681;3;1
682;3;1
683;3;1
684;3;1
685;4;0
686;4;0
687;4;0
688;4;0
689;4;0
690;4;0
691;4;0
692;4;0
693;4;0
694;4;0
695;4;0
696;4;0
697;4;0
698;4;0
699;4;0
700;4;0
701;4;0
702;4;0
703;4;0
704;4;0
705;4;0
706;4;0
707;4;0
708;4;0
709;4;0
710;4;0
711;4;0
712;4;0
713;4;0
714;4;0
715;4;0
716;4;0
717;4;0
718;4;0
719;4;0
720;4;0
721;4;0
722;4;0
723;4;0
724;4;0
725;4;0
726;4;0
727;4;0
728;4;0
729;4;0
730;4;0
731;4;0
732;4;0
733;4;0
734;4;1
735;4;1
736;4;1
737;4;1
738;4;1
739;4;1
740;4;1
741;4;1
742;4;1
743;4;1
744;4;1
745;4;1
746;4;1
747;4;1
748;4;1
749;4;1
750;4;1
751;4;1
752;3;0
753;3;0
754;3;0
755;3;0
756;3;0
757;3;0
758;3;0
759;3;0
760;3;0
761;3;0
762;3;0
763;3;0
764;3;0
765;3;0
766;3;0
767;3;0
768;3;0
769;3;0
770;3;0
771;3;0
772;3;0
773;3;0
774;3;0
775;3;0
776;3;0
777;3;0
778;3;0
779;3;0
780;3;0
781;3;0
782;3;0
783;3;0
784;3;0
785;3;0
786;3;0
787;3;0
788;3;0
789;3;0
790;3;0
791;3;0
792;3;0
793;3;0
794;3;0
795;3;0
796;3;0
797;3;0
798;3;0
799;3;0
800;3;0
801;3;0
802;3;0
803;3;0
804;3;0
805;3;0
806;3;0
807;3;0
808;3;0
809;3;0
810;3;1
811;3;1
812;3;1
813;3;1
814;3;1
815;3;1
816;3;1
817;3;1
818;3;1
819;3;1
820;3;1
821;3;1
822;3;1
823;3;1
824;3;1
825;3;1
826;3;1
827;3;1
828;2;0
829;2;0
830;2;0
831;2;0
832;2;0
833;2;0
834;2;0
835;2;0
836;2;0
837;2;0
838;2;0
839;2;0
840;2;0
841;2;0
842;2;0
843;2;0
844;2;0
845;2;0
846;2;0
847;2;0
848;2;0
849;2;0
850;2;0
851;2;0
852;2;0
853;2;0
854;2;0
855;2;0
856;2;0
857;2;0
858;2;0
859;2;0
860;2;0
861;2;0
862;2;0
863;2;0
864;2;0
865;2;0
866;2;0
867;2;0
868;2;0
869;2;0
870;2;0
871;2;0
872;2;0
873;2;0
874;2;0
875;2;0
876;2;0
877;2;0
878;2;0
879;2;0
880;2;0
881;2;0
882;2;0
883;2;0
884;2;0
885;2;0
886;2;0
887;2;0
888;2;0
889;2;0
890;2;0
891;2;0
892;2;0
893;2;0
894;2;0
895;2;0
896;2;0
897;2;0
898;2;0
899;2;0
900;2;0
901;2;0
902;2;0
903;2;0
904;2;0
905;2;0
906;2;0
907;2;0
908;2;0
909;2;0
910;2;0
911;2;0
912;2;0
913;2;0
914;2;0
915;2;0
916;2;0
917;2;0
918;2;0
919;2;0
920;2;0
921;2;0
922;2;0
923;2;0
924;2;0
925;2;0
926;2;0
927;2;0
928;2;0
929;2;0
930;2;0
931;2;0
932;2;0
933;2;0
934;2;0
935;2;0
936;2;1
937;2;1
938;2;1
939;2;1
940;2;1
941;2;1
942;2;1
943;2;1
944;2;1
945;2;1
946;2;1
947;2;1
948;2;1
949;2;1
950;2;1
951;2;1
952;2;1
953;2;1
954;2;1
955;2;1
956;1;0
957;1;0
958;1;0
959;1;0
960;1;0
961;1;0
962;1;0
963;1;0
964;1;0
965;1;0
966;1;0
967;1;0
968;1;0
969;1;0
970;1;0
971;1;0
972;1;0
973;1;0
974;1;0
975;1;0
976;1;0
977;1;0
978;1;0
979;1;0
980;1;0
981;1;0
982;1;0
983;1;0
984;1;0
985;1;0
986;1;0
987;1;0
988;1;0
989;1;0
990;1;0
991;1;0
992;1;0
993;1;0
994;1;0
995;1;0
996;1;0
997;1;0
998;1;0
999;1;0
1000;1;0
1001;1;0
1002;1;0
1003;1;0
1004;1;0
1005;1;0
1006;1;0
1007;1;0
1008;1;0
1009;1;0
1010;1;0
1011;1;0
1012;1;0
1013;1;0
1014;1;0
1015;1;0
1016;1;0
1017;1;0
1018;1;0
1019;1;0
1020;1;0
1021;1;0
1022;1;0
1023;1;0
1024;1;0
1025;1;0
1026;1;0
1027;1;0
1028;1;0
1029;1;0
1030;1;0
1031;1;0
1032;1;0
1033;1;0
1034;1;0
1035;1;0
1036;1;0
1037;1;0
1038;1;0
1039;1;0
1040;1;0
1041;1;0
1042;1;0
1043;1;0
1044;1;0
1045;1;0
1046;1;0
1047;1;0
1048;1;0
1049;1;0
1050;1;0
1051;1;0
1052;1;0
1053;1;0
1054;1;0
1055;1;0
1056;1;0
1057;1;0
1058;1;0
1059;1;0
1060;1;0
1061;1;0
1062;1;0
1063;1;0
1064;1;0
1065;1;0
1066;1;0
1067;1;0
1068;1;0
1069;1;0
1070;1;0
1071;1;0
1072;1;0
1073;1;0
1074;1;0
1075;1;0
1076;1;0
1077;1;0
1078;1;0
1079;1;0
1080;1;0
1081;1;0
1082;1;0
1083;1;0
1084;1;0
1085;1;1
1086;1;1
1087;1;1
1088;1;1
1089;1;1
1090;1;1
1091;1;1
1092;1;1
1093;1;1
1094;1;1
1095;1;1
1096;1;1
1097;1;1
1098;1;1
1099;2;0
1100;2;0
1101;2;0
1102;2;0
1103;2;0
1104;2;0
1105;2;0
1106;2;0
1107;2;0
1108;2;0
1109;2;0
1110;2;0
1111;2;0
1112;2;0
1113;2;0
1114;2;0
1115;2;0
1116;2;0
1117;2;0
1118;2;0
1119;2;0
1120;2;0
1121;2;0
1122;2;0
1123;2;0
1124;2;0
1125;2;0
1126;2;0
1127;2;0
1128;2;0
1129;2;0
1130;2;0
1131;2;0
1132;2;0
1133;2;0
1134;2;0
1135;2;0
1136;2;0
1137;2;0
1138;2;0
1139;2;0
1140;2;0
1141;2;0
1142;2;0
1143;2;0
1144;2;0
1145;2;0
1146;2;0
1147;2;0
1148;2;0
1149;2;0
1150;2;0
1151;2;0
1152;2;0
1153;2;0
1154;2;0
1155;2;0
1156;2;0
1157;2;0
1158;2;0
1159;2;0
1160;2;0
1161;2;0
1162;2;0
1163;2;0
1164;2;0
1165;2;0
1166;2;0
1167;2;0
1168;2;0
1169;2;0
1170;2;0
1171;2;0
1172;2;0
1173;2;0
1174;2;0
1175;2;0
1176;2;0
1177;2;0
1178;2;0
1179;2;0
1180;2;0
1181;2;0
1182;2;0
1183;2;0
1184;2;0
1185;2;0
1186;2;0
1187;2;0
1188;2;0
1189;2;0
1190;2;0
1191;2;0
1192;2;0
1193;2;0
1194;2;0
1195;2;0
1196;2;0
1197;2;0
1198;2;0
1199;2;0
1200;2;0
1201;2;1
1202;2;1
1203;2;1
1204;2;1
1205;2;1
1206;2;1
1207;2;1
1208;2;1
1209;2;1
1210;2;1
1211;2;1
1212;2;1
1213;2;1
1214;2;1
1215;2;1
1216;2;1
1217;2;1
1218;2;1
1219;2;1
1220;2;1
1221;2;1
1222;3;0
1223;3;0
1224;3;0
1225;3;0
1226;3;0
1227;3;0
1228;3;0
1229;3;0
1230;3;0
1231;3;0
1232;3;0
1233;3;0
1234;3;0
1235;3;0
1236;3;0
1237;3;0
1238;3;0
1239;3;0
1240;3;0
1241;3;0
1242;3;0
1243;3;0
1244;3;0
1245;3;0
1246;3;0
1247;3;0
1248;3;0
1249;3;0
1250;3;0
1251;3;0
1252;3;0
1253;3;0
1254;3;0
1255;3;0
1256;3;0
1257;3;0
1258;3;0
1259;3;0
1260;3;0
1261;3;0
1262;3;0
1263;3;0
1264;3;0
1265;3;0
1266;3;0
1267;3;0
1268;3;0
1269;3;0
1270;3;0
1271;3;0
1272;3;0
1273;3;0
1274;3;0
1275;3;0
1276;3;0
1277;3;0
1278;3;1
1279;3;1
1280;3;1
1281;3;1
1282;3;1
1283;3;1
1284;3;1
1285;3;1
1286;3;1
1287;3;1
1288;3;1
1289;3;1
1290;3;1
1291;3;1
1292;3;1
1293;3;1
1294;3;1
1295;3;1
1296;3;1
1297;4;0
1298;4;0
1299;4;0
1300;4;0
1301;4;0
1302;4;0
1303;4;0
1304;4;0
1305;4;0
1306;4;0
1307;4;0
1308;4;0
1309;4;0
1310;4;0
1311;4;0
1312;4;0
1313;4;0
1314;4;0
1315;4;0
1316;4;0
1317;4;0
1318;4;0
1319;4;0
1320;4;0
1321;4;0
1322;4;0
1323;4;0
1324;4;0
1325;4;0
1326;4;0
1327;4;0
1328;4;0
1329;4;0
1330;4;0
1331;4;0
1332;4;0
1333;4;0
1334;4;0
1335;4;0
1336;4;0
1337;4;0
1338;4;0
1339;4;0
1340;4;0
1341;4;0
1342;4;0
1343;4;0
1344;4;0
1345;4;0
1346;4;0
1347;4;0
1348;4;0
1349;4;0
1350;4;0
1351;4;0
1352;4;0
1353;4;0
1354;4;0
1355;4;0
1356;4;0
1357;4;0
1358;4;0
1359;4;0
1360;4;0
1361;4;0
1362;4;0
1363;4;0
1364;4;0
1365;4;0
1366;4;0
1367;4;0
1368;4;1
1369;4;1
1370;4;1
1371;4;1
1372;4;1
1373;4;1
1374;4;1
1375;4;1
1376;4;1
1377;4;1
1378;4;1
1379;4;1
1380;4;1
1381;4;1
1382;4;1
1383;4;1
1384;4;1
1385;4;1
1386;4;1
1387;4;1
1388;3;0
1389;3;0
1390;3;0
1391;3;0
1392;3;0
1393;3;0
1394;3;0
1395;3;0
1396;3;0
1397;3;0
1398;3;0
1399;3;0
1400;3;0
1401;3;0
1402;3;0
1403;3;0
1404;3;0
1405;3;0
1406;3;0
1407;3;0
1408;3;0
1409;3;0
1410;3;0
1411;3;0
1412;3;0
1413;3;0
1414;3;0
1415;3;0
1416;3;0
1417;3;0
1418;3;0
1419;3;0
1420;3;0
1421;3;0
1422;3;0
1423;3;0
1424;3;0
1425;3;0
1426;3;0
1427;3;0
1428;3;0
1429;3;0
1430;3;0
1431;3;0
1432;3;0
1433;3;0
1434;3;0
1435;3;0
1436;3;0
1437;3;0
1438;3;0
1439;3;0
1440;3;0
1441;3;0
1442;3;0
1443;3;0
1444;3;0
1445;3;0
1446;3;0
1447;3;0
1448;3;0
1449;3;0
1450;3;0
1451;3;0
1452;3;0
1453;3;0
1454;3;0
1455;3;0
1456;3;0
1457;3;0
1458;3;0
1459;3;0
1460;3;0
1461;3;0
1462;3;0
1463;3;0
1464;3;0
1465;3;0
1466;3;0
1467;3;0
1468;3;0
1469;3;0
1470;3;0
1471;3;0
1472;3;0
1473;3;0
1474;3;0
1475;3;0
1476;3;0
1477;3;0
1478;3;0
1479;3;0
1480;3;0
1481;3;0
1482;3;0
1483;3;0
1484;3;0
1485;3;0
1486;3;0
1487;3;0
1488;3;0
1489;3;0
1490;3;0
1491;3;0
1492;3;0
1493;3;0
1494;3;0
1495;3;0
1496;3;0
1497;3;0
1498;3;0
1499;3;0
1500;3;0
1501;3;0
1502;3;0
1503;3;0
1504;3;0
1505;3;0
1506;3;0
1507;3;0
1508;3;0
1509;3;0
1510;3;0
1511;3;0
1512;3;0
1513;3;0
1514;3;0
1515;3;0
1516;3;0
1517;3;0
1518;3;0
1519;3;0
1520;3;0
1521;3;0
1522;3;0
1523;3;0
1524;3;0
1525;3;0
1526;3;0
1527;3;0
1528;3;0
1529;3;0
1530;3;0
1531;3;0
1532;3;0
1533;3;0
1534;3;0
1535;3;0
1536;3;0
1537;3;0
1538;3;0
1539;3;0
1540;3;1
1541;3;1
1542;3;1
1543;3;1
1544;3;1
1545;3;1
1546;3;1
1547;3;1
1548;3;1
1549;3;1
1550;3;1
1551;3;1
1552;3;1
1553;3;1
1554;3;1
1555;3;1
1556;3;1
1557;3;1
1558;3;1
1559;3;1
1560;3;1
1561;3;1
1562;3;1
1563;3;1
1564;3;1
1565;3;1
1566;3;1
1567;2;0
1568;2;0
1569;2;0
1570;2;0
1571;2;0
1572;2;0
1573;2;0
1574;2;0
1575;2;0
1576;2;0
1577;2;0
1578;2;0
1579;2;0
1580;2;0
1581;2;0
1582;2;0
1583;2;0
1584;2;0
1585;2;0
1586;2;0
1587;2;0
1588;2;0
1589;2;0
1590;2;0
1591;2;0
1592;2;0
1593;2;0
1594;2;0
1595;2;0
1596;2;0
1597;2;0
1598;2;0
1599;2;0
1600;2;0
1601;2;0
1602;2;0
1603;2;0
1604;2;0
1605;2;0
1606;2;0
1607;2;0
1608;2;0
1609;2;0
1610;2;0
1611;2;0
1612;2;0
1613;2;0
1614;2;0
1615;2;0
1616;2;0
1617;2;0
1618;2;0
1619;2;0
1620;2;0
1621;2;0
1622;2;0
1623;2;0
1624;2;0
1625;2;0
1626;2;0
1627;2;0
1628;2;0
1629;2;0
1630;2;0
1631;2;0
1632;2;0
1633;2;0
1634;2;0
1635;2;0
1636;2;0
1637;2;0
1638;2;0
1639;2;0
1640;2;0
1641;2;0
1642;2;0
1643;2;0
1644;2;0
1645;2;0
1646;2;0
1647;2;0
1648;2;0
1649;2;0
1650;2;0
1651;2;0
1652;2;0
1653;2;0
1654;2;0
1655;2;0
1656;2;0
1657;2;0
1658;2;0
1659;2;0
1660;2;0
1661;2;0
1662;2;0
1663;2;0
1664;2;0
1665;2;0
1666;2;0
1667;2;0
1668;2;0
1669;2;0
1670;2;0
1671;2;0
1672;2;0
1673;2;0
1674;2;0
1675;2;0
1676;2;0
1677;2;0
1678;2;0
1679;2;0
1680;2;0
1681;2;0
1682;2;0
1683;2;0
1684;2;0
1685;2;0
1686;2;0
1687;2;0
1688;2;0
1689;2;0
1690;2;0
1691;2;0
1692;2;0
1693;2;0
1694;2;0
1695;2;0
1696;2;0
1697;2;0
1698;2;0
1699;2;0
1700;2;0
1701;2;0
1702;2;0
1703;2;0
1704;2;0
1705;2;0
1706;2;0
1707;2;0
1708;2;0
1709;2;0
1710;2;0
1711;2;0
1712;2;0
1713;2;0
1714;2;0
1715;2;0
1716;2;0
1717;2;0
1718;2;0
1719;2;0
1720;2;0
1721;2;0
1722;2;0
1723;2;0
1724;2;0
1725;2;0
1726;2;0
1727;2;0
1728;2;0
1729;2;0
1730;2;0
1731;2;0
1732;2;0
1733;2;0
1734;2;0
1735;2;0
1736;2;0
1737;2;0
1738;2;1
1739;2;1
1740;2;1
1741;2;1
1742;2;1
1743;2;1
1744;2;1
1745;2;1
1746;2;1
1747;2;1
1748;2;1
1749;2;1
1750;2;1
1751;2;1
1752;2;1
1753;2;1
1754;2;1
1755;2;1
1756;2;1
1757;3;0
1758;3;0
1759;3;0
1760;3;0
1761;3;0
1762;3;0
1763;3;0
1764;3;0
1765;3;0
1766;3;0
1767;3;0
1768;3;0
1769;3;0
1770;3;0
1771;3;0
1772;3;0
1773;3;0
1774;3;0
1775;3;0
1776;3;0
1777;3;0
1778;3;0
1779;3;0
1780;3;0
1781;3;0
1782;3;0
1783;3;0
1784;3;0
1785;3;0
1786;3;0
1787;3;0
1788;3;0
1789;3;0
1790;3;0
1791;3;0
1792;3;0
1793;3;0
1794;3;0
1795;3;0
1796;3;0
1797;3;0
1798;3;0
1799;3;0
1800;3;0
1801;3;0
1802;3;0
1803;3;0
1804;3;0
1805;3;0
1806;3;0
1807;3;0
1808;3;0
1809;3;0
1810;3;0
1811;3;0
1812;3;0
1813;3;0
1814;3;0
1815;3;0
1816;3;0
1817;3;0
1818;3;0
1819;3;0
1820;3;0
1821;3;0
1822;3;0
1823;3;0
1824;3;0
1825;3;0
1826;3;0
1827;3;1
1828;3;1
1829;3;1
1830;3;1
1831;3;1
1832;3;1
1833;3;1
1834;3;1
1835;3;1
1836;3;1
1837;3;1
1838;3;1
1839;3;1
1840;3;1
1841;3;1
1842;3;1
1843;3;1
1844;3;1
1845;2;0
1846;2;0
1847;2;0
1848;2;0
1849;2;0
1850;2;0
1851;2;0
1852;2;0
1853;2;0
1854;2;0
1855;2;0
1856;2;0
1857;2;0
1858;2;0
1859;2;0
1860;2;0
1861;2;0
1862;2;0
1863;2;0
1864;2;0
1865;2;0
1866;2;0
1867;2;0
1868;2;0
1869;2;0
1870;2;0
1871;2;0
1872;2;0
1873;2;0
1874;2;0
1875;2;0
1876;2;0
1877;2;0
1878;2;0
1879;2;0
1880;2;0
1881;2;0
1882;2;0
1883;2;0
1884;2;0
1885;2;0
1886;2;0
1887;2;0
1888;2;0
1889;2;0
1890;2;0
1891;2;0
1892;2;0
1893;2;0
1894;2;0
1895;2;0
1896;2;0
1897;2;0
1898;2;0
1899;2;0
1900;2;0
1901;2;0
1902;2;0
1903;2;0
1904;2;0
1905;2;0
1906;2;0
1907;2;0
1908;2;0
1909;2;0
1910;2;0
1911;2;0
1912;2;0
1913;2;0
1914;2;0
1915;2;0
1916;2;1
1917;2;1
1918;2;1
1919;2;1
1920;2;1
1921;2;1
1922;2;1
1923;2;1
1924;2;1
1925;2;1
1926;2;1
1927;2;1
1928;2;1
1929;2;1
1930;2;1
1931;2;1
1932;2;1
1933;2;1
1934;2;1
1935;1;0
1936;1;0
1937;1;0
1938;1;0
1939;1;0
1940;1;0
1941;1;0
1942;1;0
1943;1;0
1944;1;0
1945;1;0
1946;1;0
1947;1;0
1948;1;0
1949;1;0
1950;1;0
1951;1;0
1952;1;0
1953;1;0
1954;1;0
1955;1;0
1956;1;0
1957;1;0
1958;1;0
1959;1;0
1960;1;0
1961;1;0
1962;1;0
1963;1;0
1964;1;0
1965;1;0
1966;1;0
1967;1;0
1968;1;0
1969;1;0
1970;1;0
1971;1;0
1972;1;0
1973;1;0
1974;1;0
1975;1;0
1976;1;0
1977;1;0
1978;1;0
1979;1;0
1980;1;0
1981;1;0
1982;1;0
1983;1;0
1984;1;0
1985;1;0
1986;1;0
1987;1;0
1988;1;0
1989;1;0
1990;1;0
1991;1;0
1992;1;0
1993;1;0
1994;1;0
1995;1;0
1996;1;0
1997;1;0
1998;1;0
1999;1;0
2000;1;0
2001;1;0
2002;1;0
2003;1;0
2004;1;0
2005;1;0
2006;1;0
2007;1;0
2008;1;0
2009;1;0
2010;1;0
2011;1;0
2012;1;0
2013;1;0
2014;1;0
2015;1;0
2016;1;0
2017;1;0
2018;1;0
2019;1;0
2020;1;0
2021;1;0
2022;1;0
2023;1;0
2024;1;0
2025;1;0
2026;1;0
2027;1;0
2028;1;0
2029;1;0
2030;1;0
2031;1;0
2032;1;0
2033;1;0
2034;1;0
2035;1;0
2036;1;0
2037;1;0
2038;1;0
2039;1;0
2040;1;0
2041;1;0
2042;1;0
2043;1;0
2044;1;0
2045;1;0
2046;1;0
2047;1;0
2048;1;0
2049;1;0
2050;1;0
2051;1;0
2052;1;0
2053;1;0
2054;1;0
2055;1;0
2056;1;0
2057;1;0
2058;1;0
2059;1;0
2060;1;0
2061;1;0
2062;1;0
2063;1;0
2064;1;0
2065;1;0
2066;1;0
2067;1;0
2068;1;0
2069;1;0
2070;1;0
2071;1;0
2072;1;0
2073;1;0
2074;1;0
2075;1;0
2076;1;0
2077;1;0
2078;1;0
2079;1;0
2080;1;0
2081;1;0
2082;1;0
2083;1;0
2084;1;0
2085;1;0
2086;1;0
2087;1;0
2088;1;0
2089;1;0
2090;1;0
2091;1;0
2092;1;0
2093;1;0
2094;1;0
2095;1;0
2096;1;0
2097;1;0
2098;1;0
2099;1;0
2100;1;0
2101;1;0
2102;1;0
2103;1;0
2104;1;0
2105;1;0
2106;1;0
2107;1;0
2108;1;0
2109;1;0
2110;1;0
2111;1;0
2112;1;0
2113;1;0
2114;1;0
2115;1;0
2116;1;0
2117;1;0
2118;1;0
2119;1;0
2120;1;0
2121;1;0
2122;1;0
2123;1;0
2124;1;0
2125;1;0
2126;1;0
2127;1;0
2128;1;0
2129;1;0
2130;1;0
2131;1;0
2132;1;0
2133;1;0
2134;1;0
2135;1;0
2136;1;0
2137;1;0
2138;1;0
2139;1;0
2140;1;0
2141;1;0
2142;1;0
2143;1;0
2144;1;0
2145;1;0
2146;1;0
2147;1;0
2148;1;0
2149;1;0
2150;1;0
2151;1;0
2152;1;0
2153;1;0
2154;1;0
2155;1;0
2156;1;0
2157;1;0
2158;1;0
2159;1;0
2160;1;0
2161;1;0
2162;1;0
2163;1;0
2164;1;0
2165;1;0
2166;1;0
2167;1;0
2168;1;0
2169;1;0
2170;1;0
2171;1;0
2172;1;0
2173;1;0
2174;1;0
2175;1;0
2176;1;0
2177;1;0
2178;1;0
2179;1;0
2180;1;0
2181;1;0
2182;1;0
2183;1;0
2184;1;0
2185;1;0
2186;1;0
2187;1;0
2188;1;1
2189;1;1
2190;1;1
2191;1;1
2192;1;1
2193;1;1
2194;1;1
2195;1;1
2196;1;1
2197;1;1
2198;1;1
2199;1;1
2200;1;1
2201;1;1
2202;1;1
2203;1;1
2204;1;1
2205;1;1
2206;1;1
2207;1;1
2208;1;1
2209;1;1
2210;1;1
2211;1;1
2212;1;1
2213;1;1
2214;1;1
2215;1;1
2216;1;1
2217;1;1
2218;1;1
2219;1;1
2220;1;1
2221;1;1
2222;1;1
2223;1;1
2224;1;1
2225;1;1
2226;1;1
2227;1;1
2228;1;1
2229;1;1
2230;2;0
2231;2;0
2232;2;0
2233;2;0
2234;2;0
2235;2;0
2236;2;0
2237;2;0
2238;2;0
2239;2;0
2240;2;0
2241;2;0
2242;2;0
2243;2;0
2244;2;0
2245;2;0
2246;2;0
2247;2;0
2248;2;0
2249;2;0
2250;2;0
2251;2;0
2252;2;0
2253;2;0
2254;2;0
2255;2;0
2256;2;0
2257;2;0
2258;2;0
2259;2;0
2260;2;0
2261;2;0
2262;2;0
2263;2;0
2264;2;0
2265;2;0
2266;2;0
2267;2;0
2268;2;0
2269;2;0
2270;2;0
2271;2;0
2272;2;0
2273;2;0
2274;2;0
2275;2;0
2276;2;0
2277;2;0
2278;2;0
2279;2;0
2280;2;0
2281;2;0
2282;2;0
2283;2;0
2284;2;0
2285;2;0
2286;2;0
2287;2;0
2288;2;0
2289;2;0
2290;2;0
2291;2;1
2292;2;1
2293;2;1
2294;2;1
2295;2;1
2296;2;1
2297;2;1
2298;2;1
2299;2;1
2300;2;1
2301;2;1
2302;2;1
2303;2;1
2304;2;1
2305;2;1
2306;2;1
2307;2;1
2308;2;1
2309;2;1
2310;2;1
2311;2;1
2312;3;0
2313;3;0
2314;3;0
2315;3;0
2316;3;0
2317;3;0
2318;3;0
2319;3;0
2320;3;0
2321;3;0
2322;3;0
2323;3;0
2324;3;0
2325;3;0
2326;3;0
2327;3;0
2328;3;0
2329;3;0
2330;3;0
2331;3;0
2332;3;0
2333;3;0
2334;3;0
2335;3;0
2336;3;0
2337;3;0
2338;3;0
2339;3;0
2340;3;0
2341;3;0
2342;3;0
2343;3;0
2344;3;0
2345;3;0
2346;3;0
2347;3;0
2348;3;0
2349;3;0
2350;3;0
2351;3;0
2352;3;0
2353;3;0
2354;3;0
2355;3;0
2356;3;0
2357;3;0
2358;3;0
2359;3;0
2360;3;0
2361;3;0
2362;3;1
2363;3;1
2364;3;1
2365;3;1
2366;3;1
2367;3;1
2368;3;1
2369;3;1
2370;3;1
2371;3;1
2372;3;1
2373;3;1
2374;3;1
2375;3;1
2376;3;1
2377;3;1
2378;3;1
2379;4;0
2380;4;0
2381;4;0
2382;4;0
2383;4;0
2384;4;0
2385;4;0
2386;4;0
2387;4;0
2388;4;0
2389;4;0
2390;4;0
2391;4;0
2392;4;0
2393;4;0
2394;4;0
2395;4;0
2396;4;0
2397;4;0
2398;4;0
2399;4;0
2400;4;0
2401;4;0
2402;4;0
2403;4;0
2404;4;0
2405;4;0
2406;4;0
2407;4;0
2408;4;0
2409;4;0
2410;4;0
2411;4;0
2412;4;0
2413;4;0
2414;4;0
2415;4;0
2416;4;0
2417;4;0
2418;4;0
2419;4;0
2420;4;0
2421;4;0
2422;4;0
2423;4;0
2424;4;0
2425;4;0
2426;4;0
2427;4;0
2428;4;0
2429;4;0
2430;4;0
2431;4;0
2432;4;0
2433;4;0
2434;4;0
2435;4;0
2436;4;0
2437;4;0
2438;4;0
2439;4;1
2440;4;1
2441;4;1
2442;4;1
2443;4;1
2444;4;1
2445;4;1
2446;4;1
2447;4;1
2448;4;1
2449;4;1
2450;4;1
2451;4;1
2452;4;1
2453;4;1
2454;4;1
2455;4;1
2456;4;1
2457;4;1
2458;3;0
2459;3;0
2460;3;0
2461;3;0
2462;3;0
2463;3;0
2464;3;0
2465;3;0
2466;3;0
2467;3;0
2468;3;0
2469;3;0
2470;3;0
2471;3;0
2472;3;0
2473;3;0
2474;3;0
2475;3;0
2476;3;0
2477;3;0
2478;3;0
2479;3;0
2480;3;0
2481;3;0
2482;3;0
2483;3;0
2484;3;0
2485;3;0
2486;3;0
2487;3;0
2488;3;0
2489;3;0
2490;3;0
2491;3;0
2492;3;0
2493;3;0
2494;3;0
2495;3;0
2496;3;0
2497;3;0
2498;3;0
2499;3;0
2500;3;0
2501;3;0
2502;3;0
2503;3;0
2504;3;0
2505;3;0
2506;3;0
2507;3;0
2508;3;0
2509;3;0
2510;3;0
2511;3;0
2512;3;0
2513;3;0
2514;3;0
2515;3;0
2516;3;0
2517;3;0
2518;3;1
2519;3;1
2520;3;1
2521;3;1
2522;3;1
2523;3;1
2524;3;1
2525;3;1
2526;3;1
2527;3;1
2528;3;1
2529;3;1
2530;3;1
2531;3;1
2532;3;1
2533;3;1
2534;3;1
2535;3;1
2536;3;1
2537;3;1
2538;2;0
2539;2;0
2540;2;0
2541;2;0
2542;2;0
2543;2;0
2544;2;0
2545;2;0
2546;2;0
2547;2;0
2548;2;0
2549;2;0
2550;2;0
2551;2;0
2552;2;0
2553;2;0
2554;2;0
2555;2;0
2556;2;0
2557;2;0
2558;2;0
2559;2;0
2560;2;0
2561;2;0
2562;2;0
2563;2;0
2564;2;0
2565;2;0
2566;2;0
2567;2;0
2568;2;0
2569;2;0
2570;2;0
2571;2;0
2572;2;0
2573;2;0
2574;2;0
2575;2;0
2576;2;0
2577;2;0
2578;2;0
2579;2;0
2580;2;0
2581;2;0
2582;2;0
2583;2;0
2584;2;0
2585;2;0
2586;2;0
2587;2;0
2588;2;1
2589;2;1
2590;2;1
2591;2;1
2592;2;1
2593;2;1
2594;2;1
2595;2;1
2596;2;1
2597;2;1
2598;2;1
2599;2;1
2600;2;1
2601;2;1
2602;2;1
2603;2;1
2604;2;1
2605;1;0
2606;1;0
2607;1;0
2608;1;0
2609;1;0
2610;1;0
2611;1;0
2612;1;0
2613;1;0
2614;1;0
2615;1;0
2616;1;0
2617;1;0
2618;1;0
2619;1;0
2620;1;0
2621;1;0
2622;1;0
2623;1;0
2624;1;0
2625;1;0
2626;1;0
2627;1;0
2628;1;0
2629;1;0
2630;1;0
2631;1;0
2632;1;0
2633;1;0
2634;1;0
2635;1;0
2636;1;0
2637;1;0
2638;1;0
2639;1;0
2640;1;0
2641;1;0
2642;1;0
2643;1;0
2644;1;0
2645;1;0
2646;1;0
2647;1;0
2648;1;0
2649;1;0
2650;1;0
2651;1;0
2652;1;0
2653;1;0
2654;1;0
2655;1;0
2656;1;0
2657;1;0
2658;1;0
2659;1;0
2660;1;0
2661;1;0
2662;1;0
2663;1;0
2664;1;0
2665;1;0
2666;1;0
2667;1;0
2668;1;0
2669;1;0
2670;1;0
2671;1;0
2672;1;0
2673;1;0
2674;1;0
2675;1;0
2676;1;0
2677;1;0
2678;1;0
2679;1;0
2680;1;0
2681;1;0
2682;1;0
2683;1;0
2684;1;0
2685;1;0
2686;1;0
2687;1;0
2688;1;0
2689;1;0
2690;1;0
2691;1;0
2692;1;0
2693;1;0
2694;1;0
2695;1;0
2696;1;0
2697;1;0
2698;1;0
2699;1;0
2700;1;0
2701;1;0
2702;1;0
2703;1;0
2704;1;0
2705;1;0
2706;1;0
2707;1;0
2708;1;0
2709;1;0
2710;1;0
2711;1;0
2712;1;0
2713;1;0
2714;1;0
2715;1;0
2716;1;0
2717;1;0
2718;1;0
2719;1;0
2720;1;0
2721;1;0
2722;1;0
2723;1;0
2724;1;0
2725;1;0
2726;1;0
2727;1;0
2728;1;0
2729;1;0
2730;1;0
2731;1;0
2732;1;0
2733;1;0
2734;1;0
2735;1;0
2736;1;0
2737;1;0
2738;1;0
2739;1;0
2740;1;0
2741;1;0
2742;1;0
2743;1;0
2744;1;0
2745;1;0
2746;1;0
2747;1;0
2748;1;0
2749;1;0
2750;1;0
2751;1;0
2752;1;0
2753;1;0
2754;1;0
2755;1;0
2756;1;0
2757;1;0
2758;1;0
2759;1;0
2760;1;0
2761;1;0
2762;1;0
2763;1;0
2764;1;0
2765;1;0
2766;1;0
2767;1;0
2768;1;0
2769;1;0
2770;1;0
2771;1;0
2772;1;0
2773;1;0
2774;1;0
2775;1;0
2776;1;0
2777;1;0
2778;1;0
2779;1;0
2780;1;0
2781;1;0
2782;1;0
2783;1;0
2784;1;0
2785;1;0
2786;1;0
2787;1;0
2788;1;0
2789;1;0
2790;1;0
2791;1;0
2792;1;0
2793;1;0
2794;1;0
2795;1;0
2796;1;0
2797;1;0
2798;1;0
2799;1;0
2800;1;0
2801;1;0
2802;1;0
2803;1;0
2804;1;0
2805;1;0
2806;1;0
2807;1;0
2808;1;0
2809;1;0
2810;1;0
2811;1;0
2812;1;0
2813;1;0
2814;1;0
2815;1;0
2816;1;0
2817;1;0
2818;1;0
2819;1;0
2820;1;0
2821;1;0
2822;1;0
2823;1;0
2824;1;0
2825;1;0
2826;1;0
2827;1;0
2828;1;0
2829;1;0
2830;1;0
2831;1;0
2832;1;0
2833;1;0
2834;1;0
2835;1;0
2836;1;0
2837;1;0
2838;1;0
2839;1;0
2840;1;0
2841;1;0
2842;1;0
2843;1;0
2844;1;0
2845;1;0
2846;1;0
2847;1;0
2848;1;0
2849;1;0
2850;1;0
2851;1;0
2852;1;0
2853;1;0
2854;1;0
2855;1;0
2856;1;0
2857;1;0
2858;1;0
2859;1;0
2860;1;0
2861;1;0
2862;1;0
2863;1;0
2864;1;0
2865;1;0
2866;1;0
2867;1;0
2868;1;0
2869;1;0
2870;1;0
2871;1;0
2872;1;0
2873;1;0
2874;1;0
2875;1;0
2876;1;0
2877;1;0
2878;1;0
2879;1;0
2880;1;0
2881;1;0
2882;1;0
2883;1;0
2884;1;0
2885;1;0
2886;1;0
2887;1;0
2888;1;0
2889;1;0
2890;1;0
2891;1;0
2892;1;0
2893;1;0
2894;1;0
2895;1;0
2896;1;0
2897;1;0
2898;1;0
2899;1;0
2900;1;0
2901;1;0
2902;1;0
2903;1;0
2904;1;0
2905;1;0
2906;1;0
2907;1;1
2908;1;1
2909;1;1
2910;1;1
2911;1;1
2912;1;1
2913;1;1
2914;1;1
2915;1;1
2916;1;1
2917;1;1
2918;1;1
2919;1;1
2920;1;1
2921;1;1
2922;1;1
2923;1;1
2924;1;1
2925;1;1
2926;1;1
2927;1;1
2928;2;0
2929;2;0
2930;2;0
2931;2;0
2932;2;0
2933;2;0
2934;2;0
2935;2;0
2936;2;0
2937;2;0
2938;2;0
2939;2;0
2940;2;0
2941;2;0
2942;2;0
2943;2;0
2944;2;0
2945;2;0
2946;2;0
2947;2;0
2948;2;0
2949;2;0
2950;2;0
2951;2;0
2952;2;0
2953;2;0
2954;2;0
2955;2;0
2956;2;0
2957;2;0
2958;2;0
2959;2;0
2960;2;0
2961;2;0
2962;2;0
2963;2;0
2964;2;0
2965;2;0
2966;2;0
2967;2;0
2968;2;0
2969;2;0
2970;2;0
2971;2;0
2972;2;0
2973;2;0
2974;2;1
2975;2;1
2976;2;1
2977;2;1
2978;2;1
2979;2;1
2980;2;1
2981;2;1
2982;2;1
2983;2;1
2984;2;1
2985;2;1
2986;2;1
2987;2;1
2988;2;1
2989;2;1
2990;3;0
2991;3;0
2992;3;0
2993;3;0
2994;3;0
2995;3;0
2996;3;0
2997;3;0
2998;3;0
2999;3;0
3000;3;0
3001;3;0
3002;3;0
3003;3;0
3004;3;0
3005;3;0
3006;3;0
3007;3;0
3008;3;0
3009;3;0
3010;3;0
3011;3;0
3012;3;0
3013;3;0
3014;3;0
3015;3;0
3016;3;0
3017;3;0
3018;3;0
3019;3;0
3020;3;0
3021;3;0
3022;3;0
3023;3;0
3024;3;0
3025;3;0
3026;3;0
3027;3;0
3028;3;0
3029;3;0
3030;3;0
3031;3;0
3032;3;0
3033;3;0
3034;3;0
3035;3;1
3036;3;1
3037;3;1
3038;3;1
3039;3;1
3040;3;1
3041;3;1
3042;3;1
3043;3;1
3044;3;1
3045;3;1
3046;3;1
3047;3;1
3048;3;1
3049;3;1
3050;3;1
3051;3;1
3052;3;1
3053;3;1
3054;3;1
3055;4;0
3056;4;0
3057;4;0
3058;4;0
3059;4;0
3060;4;0
3061;4;0
3062;4;0
3063;4;0
3064;4;0
3065;4;0
3066;4;0
3067;4;0
3068;4;0
3069;4;0
3070;4;0
3071;4;0
3072;4;0
3073;4;0
3074;4;0
3075;4;0
3076;4;0
3077;4;0
3078;4;0
3079;4;0
3080;4;0
3081;4;0
3082;4;0
3083;4;0
3084;4;0
3085;4;0
3086;4;0
3087;4;0
3088;4;0
3089;4;0
3090;4;0
3091;4;0
3092;4;0
3093;4;0
3094;4;0
3095;4;0
3096;4;0
3097;4;0
3098;4;0
3099;4;0
3100;4;0
3101;4;0
3102;4;0
3103;4;0
3104;4;0
3105;4;0
3106;4;0
3107;4;0
3108;4;0
3109;4;0
3110;4;0
3111;4;0
3112;4;0
3113;4;0
3114;4;0
3115;4;0
3116;4;0
3117;4;0
3118;4;0
3119;4;0
3120;4;0
3121;4;0
3122;4;0
3123;4;0
3124;4;0
3125;4;0
3126;4;0
3127;4;0
3128;4;0
3129;4;0
3130;4;0
3131;4;0
3132;4;0
3133;4;0
3134;4;0
3135;4;0
3136;4;0
3137;4;0
3138;4;0
3139;4;0
3140;4;0
3141;4;0
3142;4;0
3143;4;0
3144;4;0
3145;4;0
3146;4;0
3147;4;0
3148;4;0
3149;4;0
3150;4;0
3151;4;0
3152;4;0
3153;4;0
3154;4;0
3155;4;0
3156;4;0
3157;4;0
3158;4;0
3159;4;0
3160;4;0
3161;4;0
3162;4;0
3163;4;1
3164;4;1
3165;4;1
3166;4;1
3167;4;1
3168;4;1
3169;4;1
3170;4;1
3171;4;1
3172;4;1
3173;4;1
3174;4;1
3175;4;1
3176;4;1
3177;4;1
3178;4;1
3179;4;1
3180;4;1
3181;4;1
3182;4;1
3183;4;1
3184;4;1
3185;4;1
3186;4;1
3187;4;1
3188;4;1
3189;4;1
3190;4;1
3191;3;0
3192;3;0
3193;3;0
3194;3;0
3195;3;0
3196;3;0
3197;3;0
3198;3;0
3199;3;0
3200;3;0
3201;3;0
3202;3;0
3203;3;0
3204;3;0
3205;3;0
3206;3;0
3207;3;0
3208;3;0
3209;3;0
3210;3;0
3211;3;0
3212;3;0
3213;3;0
3214;3;0
3215;3;0
3216;3;0
3217;3;0
3218;3;0
3219;3;0
3220;3;0
3221;3;0
3222;3;0
3223;3;0
3224;3;0
3225;3;0
3226;3;0
3227;3;0
3228;3;0
3229;3;0
3230;3;0
3231;3;0
3232;3;0
3233;3;0
3234;3;0
3235;3;0
3236;3;0
3237;3;0
3238;3;0
3239;3;0
3240;3;0
3241;3;0
3242;3;0
3243;3;0
3244;3;0
3245;3;0
3246;3;0
3247;3;0
3248;3;0
3249;3;1
3250;3;1
3251;3;1
3252;3;1
3253;3;1
3254;3;1
3255;3;1
3256;3;1
3257;3;1
3258;3;1
3259;3;1
3260;3;1
3261;3;1
3262;3;1
3263;3;1
3264;2;0
3265;2;0
3266;2;0
3267;2;0
3268;2;0
3269;2;0
3270;2;0
3271;2;0
3272;2;0
3273;2;0
3274;2;0
3275;2;0
3276;2;0
3277;2;0
3278;2;0
3279;2;0
3280;2;0
3281;2;0
3282;2;0
3283;2;0
3284;2;0
3285;2;0
3286;2;0
3287;2;0
3288;2;0
3289;2;0
3290;2;0
3291;2;0
3292;2;0
3293;2;0
3294;2;0
3295;2;0
3296;2;0
3297;2;0
3298;2;0
3299;2;0
3300;2;0
3301;2;0
3302;2;0
3303;2;0
3304;2;0
3305;2;0
3306;2;0
3307;2;0
3308;2;0
3309;2;0
3310;2;0
3311;2;0
3312;2;0
3313;2;0
3314;2;0
3315;2;0
3316;2;0
3317;2;0
3318;2;0
3319;2;0
3320;2;0
3321;2;0
3322;2;0
3323;2;0
3324;2;0
3325;2;0
3326;2;0
3327;2;0
3328;2;0
3329;2;0
3330;2;0
3331;2;0
3332;2;0
3333;2;0
3334;2;0
3335;2;0
3336;2;0
3337;2;0
3338;2;0
3339;2;0
3340;2;0
3341;2;0
3342;2;0
3343;2;0
3344;2;0
3345;2;0
3346;2;0
3347;2;0
3348;2;0
3349;2;0
3350;2;0
3351;2;0
3352;2;0
3353;2;0
3354;2;0
3355;2;0
3356;2;0
3357;2;0
3358;2;0
3359;2;0
3360;2;0
3361;2;0
3362;2;0
3363;2;0
3364;2;0
3365;2;0
3366;2;0
3367;2;0
3368;2;0
3369;2;0
3370;2;0
3371;2;0
3372;2;0
3373;2;0
3374;2;0
3375;2;0
3376;2;0
3377;2;0
3378;2;0
3379;2;0
3380;2;0
3381;2;0
3382;2;0
3383;2;0
3384;2;0
3385;2;0
3386;2;0
3387;2;0
3388;2;0
3389;2;0
3390;2;0
3391;2;0
3392;2;0
3393;2;0
3394;2;0
3395;2;0
3396;2;0
3397;2;0
3398;2;0
3399;2;0
3400;2;0
3401;2;0
3402;2;0
3403;2;0
3404;2;0
3405;2;0
3406;2;0
3407;2;0
3408;2;1
3409;2;1
3410;2;1
3411;2;1
3412;2;1
3413;2;1
3414;2;1
3415;2;1
3416;2;1
3417;2;1
3418;2;1
3419;2;1
3420;2;1
3421;2;1
3422;2;1
3423;2;1
3424;2;1
3425;2;1
3426;2;1
3427;2;1
3428;2;1
3429;2;1
3430;2;1
3431;2;1
3432;2;1
3433;2;1
3434;3;0
3435;3;0
3436;3;0
3437;3;0
3438;3;0
3439;3;0
3440;3;0
3441;3;0
3442;3;0
3443;3;0
3444;3;0
3445;3;0
3446;3;0
3447;3;0
3448;3;0
3449;3;0
3450;3;0
3451;3;0
3452;3;0
3453;3;0
3454;3;0
3455;3;0
3456;3;0
3457;3;0
3458;3;0
3459;3;0
3460;3;0
3461;3;0
3462;3;0
3463;3;0
3464;3;0
3465;3;0
3466;3;0
3467;3;0
3468;3;0
3469;3;0
3470;3;0
3471;3;0
3472;3;0
3473;3;0
3474;3;0
3475;3;0
3476;3;0
3477;3;0
3478;3;0
3479;3;0
3480;3;0
3481;3;0
3482;3;0
3483;3;0
3484;3;0
3485;3;0
3486;3;0
3487;3;0
3488;3;0
3489;3;0
3490;3;0
3491;3;0
3492;3;0
3493;3;0
3494;3;0
3495;3;0
3496;3;0
3497;3;0
3498;3;0
3499;3;0
3500;3;0
3501;3;0
3502;3;0
3503;3;0
3504;3;0
3505;3;0
3506;3;0
3507;3;0
3508;3;0
3509;3;0
3510;3;0
3511;3;0
3512;3;0
3513;3;0
3514;3;0
3515;3;0
3516;3;0
3517;3;0
3518;3;0
3519;3;0
3520;3;0
3521;3;0
3522;3;0
3523;3;0
3524;3;0
3525;3;0
3526;3;0
3527;3;0
3528;3;0
3529;3;0
3530;3;0
3531;3;0
3532;3;0
3533;3;0
3534;3;0
3535;3;0
3536;3;0
3537;3;0
3538;3;0
3539;3;1
3540;3;1
3541;3;1
3542;3;1
3543;3;1
3544;3;1
3545;3;1
3546;3;1
3547;3;1
3548;3;1
3549;3;1
3550;3;1
3551;3;1
3552;3;1
3553;3;1
3554;3;1
3555;3;1
3556;3;1
3557;3;1
3558;3;1
3559;3;1
3560;3;1
3561;4;0
3562;4;0
3563;4;0
3564;4;0
3565;4;0
3566;4;0
3567;4;0
3568;4;0
3569;4;0
3570;4;0
3571;4;0
3572;4;0
3573;4;0
3574;4;0
3575;4;0
3576;4;0
3577;4;0
3578;4;0
3579;4;0
3580;4;0
3581;4;0
3582;4;0
3583;4;0
3584;4;0
3585;4;0
3586;4;0
3587;4;0
3588;4;0
3589;4;0
3590;4;0
3591;4;0
3592;4;0
3593;4;0
3594;4;0
3595;4;0
3596;4;0
3597;4;0
3598;4;0
3599;4;0
3600;4;0
3601;4;0
3602;4;0
3603;4;0
3604;4;0
3605;4;0
3606;4;0
3607;4;0
3608;4;0
3609;4;0
3610;4;0
3611;4;1
3612;4;1
3613;4;1
3614;4;1
3615;4;1
3616;4;1
3617;4;1
3618;4;1
3619;4;1
3620;4;1
3621;4;1
3622;4;1
3623;4;1
3624;4;1
3625;3;0
3626;3;0
3627;3;0
3628;3;0
3629;3;0
3630;3;0
3631;3;0
3632;3;0
3633;3;0
3634;3;0
3635;3;0
3636;3;0
3637;3;0
3638;3;0
3639;3;0
3640;3;0
3641;3;0
3642;3;0
3643;3;0
3644;3;0
3645;3;0
3646;3;0
3647;3;0
3648;3;0
3649;3;0
3650;3;0
3651;3;0
3652;3;0
3653;3;0
3654;3;0
3655;3;0
3656;3;0
3657;3;0
3658;3;0
3659;3;0
3660;3;0
3661;3;0
3662;3;0
3663;3;0
3664;3;0
3665;3;0
3666;3;0
3667;3;0
3668;3;1
3669;3;1
3670;3;1
3671;3;1
3672;3;1
3673;3;1
3674;3;1
3675;3;1
3676;3;1
3677;3;1
3678;3;1
3679;3;1
3680;3;1
3681;3;1
3682;3;1
3683;2;0
3684;2;0
3685;2;0
3686;2;0
3687;2;0
3688;2;0
3689;2;0
3690;2;0
3691;2;0
3692;2;0
3693;2;0
3694;2;0
3695;2;0
3696;2;0
3697;2;0
3698;2;0
3699;2;0
3700;2;0
3701;2;0
3702;2;0
3703;2;0
3704;2;0
3705;2;0
3706;2;0
3707;2;0
3708;2;0
3709;2;0
3710;2;0
3711;2;0
3712;2;0
3713;2;0
3714;2;0
3715;2;0
3716;2;0
3717;2;0
3718;2;0
3719;2;0
3720;2;0
3721;2;0
3722;2;0
3723;2;0
3724;2;1
3725;2;1
3726;2;1
3727;2;1
3728;2;1
3729;2;1
3730;2;1
3731;2;1
3732;2;1
3733;2;1
3734;2;1
3735;2;1
3736;2;1
3737;2;1
3738;2;1
3739;2;1
3740;2;1
3741;2;1
3742;2;1
3743;2;1
3744;2;1
3745;2;1
3746;2;1
3747;2;1
3748;1;0
3749;1;0
3750;1;0
3751;1;0
3752;1;0
3753;1;0
3754;1;0
3755;1;0
3756;1;0
3757;1;0
3758;1;0
3759;1;0
3760;1;0
3761;1;0
3762;1;0
3763;1;0
3764;1;0
3765;1;0
3766;1;0
3767;1;0
3768;1;0
3769;1;0
3770;1;0
3771;1;0
3772;1;0
3773;1;0
3774;1;0
3775;1;0
3776;1;0
3777;1;0
3778;1;0
3779;1;0
3780;1;0
3781;1;0
3782;1;0
3783;1;0
3784;1;0
3785;1;0
3786;1;0
3787;1;0
3788;1;0
3789;1;0
3790;1;0
3791;1;0
3792;1;0
3793;1;0
3794;1;0
3795;1;0
3796;1;0
3797;1;0
3798;1;0
3799;1;0
3800;1;0
3801;1;0
3802;1;0
3803;1;0
3804;1;0
3805;1;0
3806;1;0
3807;1;0
3808;1;0
3809;1;0
3810;1;0
3811;1;0
3812;1;0
3813;1;0
3814;1;0
3815;1;0
3816;1;0
3817;1;0
3818;1;0
3819;1;0
3820;1;0
3821;1;0
3822;1;0
3823;1;0
3824;1;0
3825;1;0
3826;1;0
3827;1;0
3828;1;0
3829;1;0
3830;1;0
3831;1;0
3832;1;0
3833;1;0
3834;1;0
3835;1;0
3836;1;0
3837;1;0
3838;1;0
3839;1;0
3840;1;0
3841;1;0
3842;1;0
3843;1;0
3844;1;0
3845;1;0
3846;1;0
3847;1;0
3848;1;0
3849;1;0
3850;1;0
3851;1;1
3852;1;1
3853;1;1
3854;1;1
3855;1;1
3856;1;1
3857;1;1
3858;1;1
3859;1;1
3860;1;1
3861;1;1
3862;1;1
3863;1;1
3864;1;1
3865;1;1
3866;1;1
3867;1;1
3868;1;1
3869;1;1
3870;1;1
3871;1;1
3872;1;1
3873;1;1
3874;1;1
3875;2;0
3876;2;0
3877;2;0
3878;2;0
3879;2;0
3880;2;0
3881;2;0
3882;2;0
3883;2;0
3884;2;0
3885;2;0
3886;2;0
3887;2;0
3888;2;0
3889;2;0
3890;2;0
3891;2;0
3892;2;0
3893;2;0
3894;2;0
3895;2;0
3896;2;0
3897;2;0
3898;2;0
3899;2;0
3900;2;0
3901;2;0
3902;2;0
3903;2;0
3904;2;0
3905;2;0
3906;2;0
3907;2;0
3908;2;0
3909;2;0
3910;2;0
3911;2;0
3912;2;0
3913;2;0
3914;2;0
3915;2;0
3916;2;0
3917;2;0
3918;2;0
3919;2;0
3920;2;0
3921;2;0
3922;2;0
3923;2;0
3924;2;0
3925;2;0
3926;2;0
3927;2;0
3928;2;0
3929;2;0
3930;2;0
3931;2;0
3932;2;0
3933;2;0
3934;2;0
3935;2;0
3936;2;0
3937;2;0
3938;2;0
3939;2;0
3940;2;0
3941;2;0
3942;2;0
3943;2;0
3944;2;0
3945;2;0
3946;2;0
3947;2;0
3948;2;0
3949;2;0
3950;2;0
3951;2;0
3952;2;0
3953;2;0
3954;2;0
3955;2;0
3956;2;0
3957;2;0
3958;2;0
3959;2;0
3960;2;0
3961;2;0
3962;2;0
3963;2;0
3964;2;0
3965;2;0
3966;2;0
3967;2;0
3968;2;0
3969;2;0
3970;2;0
3971;2;0
3972;2;0
3973;2;0
3974;2;0
3975;2;0
3976;2;0
3977;2;0
3978;2;0
3979;2;0
3980;2;0
3981;2;0
3982;2;0
3983;2;0
3984;2;0
3985;2;0
3986;2;0
3987;2;0
3988;2;0
3989;2;0
3990;2;0
3991;2;0
3992;2;0
3993;2;0
3994;2;0
3995;2;1
3996;2;1
3997;2;1
3998;2;1
3999;2;1
4000;2;1
4001;2;1
4002;2;1
4003;2;1
4004;2;1
4005;2;1
4006;2;1
4007;2;1
4008;2;1
4009;1;0
4010;1;0
4011;1;0
4012;1;0
4013;1;0
4014;1;0
4015;1;0
4016;1;0
4017;1;0
4018;1;0
4019;1;0
4020;1;0
4021;1;0
4022;1;0
4023;1;0
4024;1;0
4025;1;0
4026;1;0
4027;1;0
4028;1;0
4029;1;0
4030;1;0
4031;1;0
4032;1;0
4033;1;0
4034;1;0
4035;1;0
4036;1;0
4037;1;0
4038;1;0
4039;1;0
4040;1;0
4041;1;0
4042;1;0
4043;1;0
4044;1;0
4045;1;0
4046;1;0
4047;1;0
4048;1;0
4049;1;0
4050;1;0
4051;1;0
4052;1;0
4053;1;0
4054;1;0
4055;1;0
4056;1;0
4057;1;0
4058;1;0
4059;1;0
4060;1;0
4061;1;0
4062;1;0
4063;1;0
4064;1;0
4065;1;0
4066;1;0
4067;1;0
4068;1;0
4069;1;0
4070;1;0
4071;1;0
4072;1;0
4073;1;0
4074;1;0
4075;1;0
4076;1;0
4077;1;0
4078;1;0
4079;1;0
4080;1;0
4081;1;0
4082;1;0
4083;1;0
4084;1;0
4085;1;0
4086;1;0
4087;1;0
4088;1;0
4089;1;0
4090;1;0
4091;1;0
4092;1;0
4093;1;0
4094;1;0
4095;1;0
4096;1;0
4097;1;0
4098;1;0
4099;1;0
4100;1;0
4101;1;0
4102;1;0
4103;1;0
4104;1;0
4105;1;0
4106;1;0
4107;1;0
4108;1;0
4109;1;0
4110;1;0
4111;1;0
4112;1;0
4113;1;0
4114;1;0
4115;1;0
4116;1;0
4117;1;0
4118;1;0
4119;1;0
4120;1;0
4121;1;0
4122;1;0
4123;1;0
4124;1;0
4125;1;0
4126;1;0
4127;1;0
4128;1;0
4129;1;0
4130;1;0
4131;1;0
4132;1;0
4133;1;0
4134;1;0
4135;1;0
4136;1;0
4137;1;0
4138;1;0
4139;1;0
4140;1;0
4141;1;0
4142;1;0
4143;1;0
4144;1;0
4145;1;0
4146;1;0
4147;1;0
4148;1;0
4149;1;0
4150;1;0
4151;1;0
4152;1;0
4153;1;0
4154;1;0
4155;1;0
4156;1;0
4157;1;0
4158;1;0
4159;1;0
4160;1;0
4161;1;0
4162;1;0
4163;1;0
4164;1;0
4165;1;0
4166;1;0
4167;1;0
4168;1;0
4169;1;0
4170;1;0
4171;1;0
4172;1;0
4173;1;0
4174;1;0
4175;1;0
4176;1;0
4177;1;0
4178;1;0
4179;1;0
4180;1;0
4181;1;0
4182;1;0
4183;1;0
4184;1;0
4185;1;0
4186;1;0
4187;1;0
4188;1;0
4189;1;0
4190;1;0
4191;1;0
4192;1;0
4193;1;0
4194;1;0
4195;1;0
4196;1;0
4197;1;0
4198;1;0
4199;1;0
4200;1;1
4201;1;1
4202;1;1
4203;1;1
4204;1;1
4205;1;1
4206;1;1
4207;1;1
4208;1;1
4209;1;1
4210;1;1
4211;1;1
4212;1;1
4213;1;1
4214;1;1
4215;1;1
4216;1;1
4217;1;1
4218;1;1
4219;1;1
4220;1;1
4221;1;1
4222;1;1
4223;1;1
4224;1;1
4225;1;1
4226;2;0
4227;2;0
4228;2;0
4229;2;0
4230;2;0
4231;2;0
4232;2;0
4233;2;0
4234;2;0
4235;2;0
4236;2;0
4237;2;0
4238;2;0
4239;2;0
4240;2;0
4241;2;0
4242;2;0
4243;2;0
4244;2;0
4245;2;0
4246;2;0
4247;2;0
4248;2;0
4249;2;0
4250;2;1
4251;2;1
4252;2;1
4253;2;1
4254;2;1
4255;2;1
4256;2;1
4257;2;1
4258;2;1
4259;2;1
4260;2;1
4261;2;1
4262;2;1
4263;2;1
4264;2;1
4265;2;1
4266;2;1
4267;2;1
4268;2;1
4269;2;1
4270;3;0
4271;3;0
4272;3;0
4273;3;0
4274;3;0
4275;3;0
4276;3;0
4277;3;0
4278;3;0
4279;3;0
4280;3;0
4281;3;0
4282;3;0
4283;3;0
4284;3;0
4285;3;0
4286;3;0
4287;3;0
4288;3;0
4289;3;0
4290;3;0
4291;3;0
4292;3;0
4293;3;0
4294;3;0
4295;3;0
4296;3;0
4297;3;0
4298;3;0
4299;3;0
4300;3;0
4301;3;0
4302;3;0
4303;3;0
4304;3;0
4305;3;0
4306;3;0
4307;3;0
4308;3;0
4309;3;0
4310;3;0
4311;3;0
4312;3;0
4313;3;0
4314;3;0
4315;3;0
4316;3;0
4317;3;0
4318;3;0
4319;3;0
4320;3;0
4321;3;0
4322;3;0
4323;3;0
4324;3;0
4325;3;0
4326;3;0
4327;3;0
4328;3;0
4329;3;1
4330;3;1
4331;3;1
4332;3;1
4333;3;1
4334;3;1
4335;3;1
4336;3;1
4337;3;1
4338;3;1
4339;3;1
4340;3;1
4341;3;1
4342;3;1
4343;3;1
4344;3;1
4345;3;1
4346;3;1
4347;3;1
4348;2;0
4349;2;0
4350;2;0
4351;2;0
4352;2;0
4353;2;0
4354;2;0
4355;2;0
4356;2;0
4357;2;0
4358;2;0
4359;2;0
4360;2;0
4361;2;0
4362;2;0
4363;2;0
4364;2;0
4365;2;0
4366;2;0
4367;2;0
4368;2;0
4369;2;0
4370;2;0
4371;2;0
4372;2;0
4373;2;0
4374;2;0
4375;2;0
4376;2;0
4377;2;0
4378;2;0
4379;2;0
4380;2;0
4381;2;0
4382;2;0
4383;2;0
4384;2;0
4385;2;0
4386;2;0
4387;2;0
4388;2;0
4389;2;0
4390;2;0
4391;2;0
4392;2;0
4393;2;0
4394;2;0
4395;2;0
4396;2;0
4397;2;0
4398;2;0
4399;2;0
4400;2;0
4401;2;0
4402;2;0
4403;2;0
4404;2;0
4405;2;0
4406;2;0
4407;2;0
4408;2;0
4409;2;0
4410;2;0
4411;2;0
4412;2;0
4413;2;0
4414;2;0
4415;2;0
4416;2;0
4417;2;0
4418;2;0
4419;2;1
4420;2;1
4421;2;1
4422;2;1
4423;2;1
4424;2;1
4425;2;1
4426;2;1
4427;2;1
4428;2;1
4429;2;1
4430;2;1
4431;2;1
4432;2;1
4433;2;1
4434;2;1
4435;2;1
4436;2;1
4437;2;1
4438;2;1
4439;2;1
4440;2;1
4441;1;0
4442;1;0
4443;1;0
4444;1;0
4445;1;0
4446;1;0
4447;1;0
4448;1;0
4449;1;0
4450;1;0
4451;1;0
4452;1;0
4453;1;0
4454;1;0
4455;1;0
4456;1;0
4457;1;0
4458;1;0
4459;1;0
4460;1;0
4461;1;0
4462;1;0
4463;1;0
4464;1;0
4465;1;0
4466;1;0
4467;1;0
4468;1;0
4469;1;0
4470;1;0
4471;1;0
4472;1;0
4473;1;0
4474;1;0
4475;1;0
4476;1;0
4477;1;0
4478;1;0
4479;1;0
4480;1;0
4481;1;0
4482;1;0
4483;1;0
4484;1;0
4485;1;0
4486;1;0
4487;1;0
4488;1;0
4489;1;0
4490;1;0
4491;1;0
4492;1;0
4493;1;0
4494;1;0
4495;1;0
4496;1;0
4497;1;0
4498;1;0
4499;1;0
4500;1;0
4501;1;0
4502;1;0
4503;1;0
4504;1;0
4505;1;0
4506;1;0
4507;1;0
4508;1;0
4509;1;0
4510;1;0
4511;1;0
4512;1;0
4513;1;0
4514;1;0
4515;1;0
4516;1;0
4517;1;0
4518;1;0
4519;1;0
4520;1;0
4521;1;0
4522;1;0
4523;1;0
4524;1;0
4525;1;0
4526;1;0
4527;1;0
4528;1;0
4529;1;0
4530;1;0
4531;1;0
4532;1;0
4533;1;0
4534;1;0
4535;1;0
4536;1;0
4537;1;0
4538;1;0
4539;1;0
4540;1;0
4541;1;0
4542;1;0
4543;1;0
4544;1;0
4545;1;0
4546;1;0
4547;1;0
4548;1;0
4549;1;0
4550;1;0
4551;1;0
4552;1;0
4553;1;0
4554;1;0
4555;1;0
4556;1;0
4557;1;0
4558;1;0
4559;1;0
4560;1;0
4561;1;0
4562;1;0
4563;1;0
4564;1;0
4565;1;0
4566;1;0
4567;1;0
4568;1;0
4569;1;0
4570;1;0
4571;1;0
4572;1;0
4573;1;0
4574;1;0
4575;1;0
4576;1;0
4577;1;0
4578;1;0
4579;1;0
4580;1;0
4581;1;0
4582;1;0
4583;1;0
4584;1;0
4585;1;0
4586;1;0
4587;1;0
4588;1;0
4589;1;0
4590;1;0
4591;1;0
4592;1;0
4593;1;0
4594;1;0
4595;1;0
4596;1;0
4597;1;0
4598;1;0
4599;1;0
4600;1;0
4601;1;0
4602;1;0
4603;1;0
4604;1;0
4605;1;0
4606;1;0
4607;1;0
4608;1;0
4609;1;0
4610;1;0
4611;1;0
4612;1;0
4613;1;0
4614;1;0
4615;1;0
4616;1;0
4617;1;0
4618;1;0
4619;1;0
4620;1;0
4621;1;0
4622;1;0
4623;1;0
4624;1;0
4625;1;0
4626;1;0
4627;1;0
4628;1;0
4629;1;0
4630;1;0
4631;1;0
4632;1;0
4633;1;0
4634;1;0
4635;1;0
4636;1;0
4637;1;0
4638;1;0
4639;1;0
4640;1;0
4641;1;0
4642;1;0
4643;1;0
4644;1;0
4645;1;0
4646;1;0
4647;1;0
4648;1;0
4649;1;0
4650;1;0
4651;1;0
4652;1;0
4653;1;0
4654;1;0
4655;1;0
4656;1;0
4657;1;0
4658;1;0
4659;1;0
4660;1;0
4661;1;0
4662;1;0
4663;1;0
4664;1;0
4665;1;0
4666;1;0
4667;1;0
4668;1;0
4669;1;0
4670;1;0
4671;1;0
4672;1;0
4673;1;0
4674;1;0
4675;1;0
4676;1;0
4677;1;0
4678;1;0
4679;1;0
4680;1;0
4681;1;0
4682;1;0
4683;1;0
4684;1;0
4685;1;0
4686;1;0
4687;1;0
4688;1;0
4689;1;0
4690;1;0
4691;1;0
4692;1;0
4693;1;0
4694;1;0
4695;1;0
4696;1;0
4697;1;0
4698;1;0
4699;1;0
4700;1;0
4701;1;0
4702;1;0
4703;1;0
4704;1;0
4705;1;0
4706;1;0
4707;1;0
4708;1;0
4709;1;0
4710;1;0
4711;1;0
4712;1;0
4713;1;0
4714;1;0
4715;1;0
4716;1;0
4717;1;0
4718;1;0
4719;1;0
4720;1;0
4721;1;0
4722;1;0
4723;1;0
4724;1;0
4725;1;0
4726;1;0
4727;1;0
4728;1;0
4729;1;0
4730;1;0
4731;1;0
4732;1;0
4733;1;0
4734;1;0
4735;1;0
4736;1;0
4737;1;0
4738;1;0
4739;1;0
4740;1;0
4741;1;0
4742;1;0
4743;1;0
4744;1;0
4745;1;0
4746;1;0
4747;1;0
4748;1;0
4749;1;0
4750;1;0
4751;1;0
4752;1;0
4753;1;0
4754;1;0
4755;1;0
4756;1;0
4757;1;0
4758;1;0
4759;1;0
4760;1;0
4761;1;0
4762;1;0
4763;1;0
4764;1;0
4765;1;0
4766;1;0
4767;1;0
4768;1;0
4769;1;0
4770;1;0
4771;1;0
4772;1;0
4773;1;0
4774;1;0
4775;1;0
4776;1;0
4777;1;0
4778;1;0
4779;1;0
4780;1;0
4781;1;0
4782;1;0
4783;1;0
4784;1;0
4785;1;0
4786;1;0
4787;1;0
4788;1;0
4789;1;0
4790;1;0
4791;1;0
4792;1;0
4793;1;0
4794;1;0
4795;1;0
4796;1;0
4797;1;0
4798;1;0
4799;1;0
4800;1;0
4801;1;0
4802;1;0
4803;1;0
4804;1;0
4805;1;0
4806;1;0
4807;1;0
4808;1;0
4809;1;0
4810;1;0
4811;1;0
4812;1;0
4813;1;0
4814;1;0
4815;1;0
4816;1;0
4817;1;0
4818;1;0
4819;1;0
4820;1;0
4821;1;0
4822;1;0
4823;1;0
4824;1;0
4825;1;0
4826;1;0
4827;1;0
4828;1;0
4829;1;0
4830;1;0
4831;1;0
4832;1;0
4833;1;0
4834;1;0
4835;1;0
4836;1;0
4837;1;0
4838;1;0
4839;1;0
4840;1;0
4841;1;0
4842;1;0
4843;1;0
4844;1;0
4845;1;0
4846;1;0
4847;1;0
4848;1;0
4849;1;0
4850;1;0
4851;1;0
4852;1;0
4853;1;0
4854;1;0
4855;1;0
4856;1;0
4857;1;0
4858;1;0
4859;1;0
4860;1;0
4861;1;0
4862;1;0
4863;1;0
4864;1;0
4865;1;0
4866;1;0
4867;1;0
4868;1;0
4869;1;0
4870;1;0
4871;1;0
4872;1;0
4873;1;0
4874;1;0
4875;1;1
4876;1;1
4877;1;1
4878;1;1
4879;1;1
4880;1;1
4881;1;1
4882;1;1
4883;1;1
4884;1;1
4885;1;1
4886;1;1
4887;1;1
4888;1;1
4889;1;1
4890;1;1
4891;1;1
4892;1;1
4893;1;1
4894;1;1
4895;1;1
4896;1;1
4897;1;1
4898;1;1
4899;2;0
4900;2;0
4901;2;0
4902;2;0
4903;2;0
4904;2;0
4905;2;0
4906;2;0
4907;2;0
4908;2;0
4909;2;0
4910;2;0
4911;2;0
4912;2;0
4913;2;0
4914;2;0
4915;2;0
4916;2;0
4917;2;0
4918;2;0
4919;2;0
4920;2;0
4921;2;0
4922;2;0
4923;2;0
4924;2;0
4925;2;0
4926;2;0
4927;2;0
4928;2;0
4929;2;0
4930;2;0
4931;2;0
4932;2;0
4933;2;0
4934;2;0
4935;2;0
4936;2;0
4937;2;0
4938;2;0
4939;2;0
4940;2;1
4941;2;1
4942;2;1
4943;2;1
4944;2;1
4945;2;1
4946;2;1
4947;2;1
4948;2;1
4949;2;1
4950;2;1
4951;2;1
4952;2;1
4953;2;1
4954;2;1
4955;2;1
4956;2;1
4957;2;1
4958;2;1
4959;2;1
4960;2;1
4961;2;1
4962;2;1
4963;3;0
4964;3;0
4965;3;0
4966;3;0
4967;3;0
4968;3;0
4969;3;0
4970;3;0
4971;3;0
4972;3;0
4973;3;0
4974;3;0
4975;3;0
4976;3;0
4977;3;0
4978;3;0
4979;3;0
4980;3;0
4981;3;0
4982;3;0
4983;3;0
4984;3;0
4985;3;0
4986;3;0
4987;3;0
4988;3;0
4989;3;0
4990;3;0
4991;3;0
4992;3;0
4993;3;0
4994;3;0
4995;3;0
4996;3;0
4997;3;0
4998;3;0
4999;3;0
5000;3;0
5001;3;0
5002;3;0
5003;3;0
5004;3;0
5005;3;0
5006;3;0
5007;3;0
5008;3;0
5009;3;0
5010;3;0
5011;3;0
5012;3;0
5013;3;0
5014;3;0
5015;3;0
5016;3;0
5017;3;0
5018;3;0
5019;3;0
5020;3;0
5021;3;0
5022;3;1
5023;3;1
5024;3;1
5025;3;1
5026;3;1
5027;3;1
5028;3;1
5029;3;1
5030;3;1
5031;3;1
5032;3;1
5033;3;1
5034;3;1
5035;3;1
5036;3;1
5037;3;1
5038;3;1
5039;3;1
5040;3;1
5041;3;1
5042;3;1
5043;2;0
5044;2;0
5045;2;0
5046;2;0
5047;2;0
5048;2;0
5049;2;0
5050;2;0
5051;2;0
5052;2;0
5053;2;0
5054;2;0
5055;2;0
5056;2;0
5057;2;0
5058;2;0
5059;2;0
5060;2;0
5061;2;0
5062;2;0
5063;2;0
5064;2;0
5065;2;0
5066;2;0
5067;2;0
5068;2;0
5069;2;0
5070;2;0
5071;2;0
5072;2;0
5073;2;0
5074;2;0
5075;2;0
5076;2;0
5077;2;0
5078;2;0
5079;2;0
5080;2;0
5081;2;0
5082;2;0
5083;2;0
5084;2;0
5085;2;0
5086;2;0
5087;2;0
5088;2;0
5089;2;0
5090;2;0
5091;2;0
5092;2;0
5093;2;0
5094;2;0
5095;2;0
5096;2;0
5097;2;0
5098;2;0
5099;2;0
5100;2;0
5101;2;0
5102;2;0
5103;2;0
5104;2;0
5105;2;0
5106;2;0
5107;2;0
5108;2;0
5109;2;0
5110;2;0
5111;2;0
5112;2;0
5113;2;0
5114;2;0
5115;2;0
5116;2;0
5117;2;0
5118;2;0
5119;2;0
5120;2;0
5121;2;0
5122;2;0
5123;2;0
5124;2;0
5125;2;0
5126;2;0
5127;2;0
5128;2;0
5129;2;0
5130;2;0
5131;2;0
5132;2;0
5133;2;0
5134;2;0
5135;2;0
5136;2;0
5137;2;0
5138;2;0
5139;2;0
5140;2;0
5141;2;0
5142;2;0
5143;2;1
5144;2;1
5145;2;1
5146;2;1
5147;2;1
5148;2;1
5149;2;1
5150;2;1
5151;2;1
5152;2;1
5153;2;1
5154;2;1
5155;2;1
5156;2;1
5157;2;1
5158;2;1
5159;2;1
5160;2;1
5161;2;1
5162;2;1
5163;3;0
5164;3;0
5165;3;0
5166;3;0
5167;3;0
5168;3;0
5169;3;0
5170;3;0
5171;3;0
5172;3;0
5173;3;0
5174;3;0
5175;3;0
5176;3;0
5177;3;0
5178;3;0
5179;3;0
5180;3;0
5181;3;0
5182;3;0
5183;3;0
5184;3;0
5185;3;0
5186;3;0
5187;3;0
5188;3;0
5189;3;0
5190;3;0
5191;3;0
5192;3;0
5193;3;0
5194;3;0
5195;3;0
5196;3;0
5197;3;0
5198;3;0
5199;3;0
5200;3;0
5201;3;0
5202;3;0
5203;3;0
5204;3;0
5205;3;0
5206;3;0
5207;3;0
5208;3;0
5209;3;0
5210;3;0
5211;3;0
5212;3;0
5213;3;0
5214;3;0
5215;3;0
5216;3;0
5217;3;0
5218;3;0
5219;3;0
5220;3;0
5221;3;1
5222;3;1
5223;3;1
5224;3;1
5225;3;1
5226;3;1
5227;3;1
5228;3;1
5229;3;1
5230;3;1
5231;3;1
5232;3;1
5233;3;1
5234;3;1
5235;3;1
5236;3;1
5237;3;1
5238;4;0
5239;4;0
5240;4;0
5241;4;0
5242;4;0
5243;4;0
5244;4;0
5245;4;0
5246;4;0
5247;4;0
5248;4;0
5249;4;0
5250;4;0
5251;4;0
5252;4;0
5253;4;0
5254;4;0
5255;4;0
5256;4;0
5257;4;0
5258;4;0
5259;4;0
5260;4;0
5261;4;0
5262;4;0
5263;4;0
5264;4;0
5265;4;0
5266;4;0
5267;4;0
5268;4;0
5269;4;0
5270;4;0
5271;4;0
5272;4;0
5273;4;0
5274;4;0
5275;4;0
5276;4;0
5277;4;0
5278;4;0
5279;4;0
5280;4;0
5281;4;0
5282;4;0
5283;4;0
5284;4;0
5285;4;0
5286;4;0
5287;4;0
5288;4;0
5289;4;0
5290;4;0
5291;4;0
5292;4;0
5293;4;0
5294;4;0
5295;4;0
5296;4;0
5297;4;0
5298;4;0
5299;4;0
5300;4;0
5301;4;1
5302;4;1
5303;4;1
5304;4;1
5305;4;1
5306;4;1
5307;4;1
5308;4;1
5309;4;1
5310;4;1
5311;4;1
5312;4;1
5313;4;1
5314;4;1
5315;4;1
5316;4;1
5317;4;1
5318;4;1
5319;4;1
5320;4;1
5321;4;1
5322;4;1
5323;4;1
5324;4;1
5325;4;1
5326;4;1
5327;3;0
5328;3;0
5329;3;0
5330;3;0
5331;3;0
5332;3;0
5333;3;0
5334;3;0
5335;3;0
5336;3;0
5337;3;0
5338;3;0
5339;3;0
5340;3;0
5341;3;0
5342;3;0
5343;3;0
5344;3;0
5345;3;0
5346;3;0
5347;3;0
5348;3;0
5349;3;0
5350;3;0
5351;3;0
5352;3;0
5353;3;0
5354;3;0
5355;3;0
5356;3;0
5357;3;0
5358;3;0
5359;3;0
5360;3;0
5361;3;0
5362;3;0
5363;3;0
5364;3;0
5365;3;0
5366;3;0
5367;3;0
5368;3;0
5369;3;0
5370;3;0
5371;3;0
5372;3;0
5373;3;0
5374;3;0
5375;3;0
5376;3;0
5377;3;0
5378;3;0
5379;3;0
5380;3;0
5381;3;0
5382;3;0
5383;3;0
5384;3;1
5385;3;1
5386;3;1
5387;3;1
5388;3;1
5389;3;1
5390;3;1
5391;3;1
5392;3;1
5393;3;1
5394;3;1
5395;3;1
5396;3;1
5397;3;1
5398;3;1
5399;3;1
5400;3;1
5401;3;1
5402;3;1
5403;3;1
5404;3;1
5405;3;1
5406;3;1
5407;3;1
5408;2;0
5409;2;0
5410;2;0
5411;2;0
5412;2;0
5413;2;0
5414;2;0
5415;2;0
5416;2;0
5417;2;0
5418;2;0
5419;2;0
5420;2;0
5421;2;0
5422;2;0
5423;2;0
5424;2;0
5425;2;0
5426;2;0
5427;2;0
5428;2;0
5429;2;0
5430;2;0
5431;2;0
5432;2;0
5433;2;0
5434;2;0
5435;2;0
5436;2;0
5437;2;0
5438;2;0
5439;2;0
5440;2;0
5441;2;0
5442;2;0
5443;2;0
5444;2;0
5445;2;0
5446;2;0
5447;2;0
5448;2;0
5449;2;0
5450;2;0
5451;2;0
5452;2;0
5453;2;0
5454;2;0
5455;2;0
5456;2;0
5457;2;0
5458;2;0
5459;2;0
5460;2;0
5461;2;0
5462;2;0
5463;2;0
5464;2;0
5465;2;0
5466;2;0
5467;2;0
5468;2;0
5469;2;0
5470;2;0
5471;2;0
5472;2;0
5473;2;0
5474;2;0
5475;2;0
5476;2;0
5477;2;0
5478;2;0
5479;2;0
5480;2;0
5481;2;0
5482;2;0
5483;2;0
5484;2;0
5485;2;0
5486;2;0
5487;2;0
5488;2;0
5489;2;0
5490;2;0
5491;2;0
5492;2;0
5493;2;0
5494;2;0
5495;2;0
5496;2;0
5497;2;0
5498;2;0
5499;2;0
5500;2;0
5501;2;0
5502;2;0
5503;2;0
5504;2;0
5505;2;0
5506;2;0
5507;2;0
5508;2;0
5509;2;0
5510;2;0
5511;2;0
5512;2;0
5513;2;0
5514;2;0
5515;2;0
5516;2;1
5517;2;1
5518;2;1
5519;2;1
5520;2;1
5521;2;1
5522;2;1
5523;2;1
5524;2;1
5525;2;1
5526;2;1
5527;2;1
5528;2;1
5529;2;1
5530;2;1
5531;2;1
5532;2;1
5533;2;1
5534;2;1
5535;2;1
5536;3;0
5537;3;0
5538;3;0
5539;3;0
5540;3;0
5541;3;0
5542;3;0
5543;3;0
5544;3;0
5545;3;0
5546;3;0
5547;3;0
5548;3;0
5549;3;0
5550;3;0
5551;3;0
5552;3;0
5553;3;0
5554;3;0
5555;3;0
5556;3;0
5557;3;0
5558;3;0
5559;3;0
5560;3;0
5561;3;0
5562;3;0
5563;3;0
5564;3;0
5565;3;0
5566;3;0
5567;3;0
5568;3;0
5569;3;0
5570;3;0
5571;3;0
5572;3;0
5573;3;0
5574;3;0
5575;3;0
5576;3;0
5577;3;0
5578;3;0
5579;3;0
5580;3;0
5581;3;0
5582;3;0
5583;3;0
5584;3;0
5585;3;0
5586;3;0
5587;3;0
5588;3;1
5589;3;1
5590;3;1
5591;3;1
5592;3;1
5593;3;1
5594;3;1
5595;3;1
5596;3;1
5597;3;1
5598;3;1
5599;3;1
5600;3;1
5601;3;1
5602;3;1
5603;3;1
5604;3;1
5605;3;1
5606;3;1
5607;4;0
5608;4;0
5609;4;0
5610;4;0
5611;4;0
5612;4;0
5613;4;0
5614;4;0
5615;4;0
5616;4;0
5617;4;0
5618;4;0
5619;4;0
5620;4;0
5621;4;0
5622;4;0
5623;4;0
5624;4;0
5625;4;0
5626;4;0
5627;4;0
5628;4;0
5629;4;0
5630;4;0
5631;4;0
5632;4;0
5633;4;0
5634;4;0
5635;4;0
5636;4;0
5637;4;0
5638;4;0
5639;4;0
5640;4;0
5641;4;0
5642;4;0
5643;4;0
5644;4;0
5645;4;0
5646;4;0
5647;4;0
5648;4;0
5649;4;0
5650;4;0
5651;4;0
5652;4;0
5653;4;0
5654;4;0
5655;4;0
5656;4;0
5657;4;1
5658;4;1
5659;4;1
5660;4;1
5661;4;1
5662;4;1
5663;4;1
5664;4;1
5665;4;1
5666;4;1
5667;4;1
5668;4;1
5669;4;1
5670;4;1
5671;4;1
5672;4;1
5673;4;1
5674;4;1
5675;4;1
5676;3;0
5677;3;0
5678;3;0
5679;3;0
5680;3;0
5681;3;0
5682;3;0
5683;3;0
5684;3;0
5685;3;0
5686;3;0
5687;3;0
5688;3;0
5689;3;0
5690;3;0
5691;3;0
5692;3;0
5693;3;0
5694;3;0
5695;3;0
5696;3;0
5697;3;0
5698;3;0
5699;3;0
5700;3;0
5701;3;0
5702;3;0
5703;3;0
5704;3;0
5705;3;0
5706;3;0
5707;3;0
5708;3;0
5709;3;0
5710;3;0
5711;3;1
5712;3;1
5713;3;1
5714;3;1
5715;3;1
5716;3;1
5717;3;1
5718;3;1
5719;3;1
5720;3;1
5721;3;1
5722;3;1
5723;3;1
5724;3;1
5725;3;1
5726;3;1
5727;3;1
5728;3;1
5729;3;1
5730;3;1
5731;3;1
5732;3;1
5733;3;1
5734;3;1
5735;2;0
5736;2;0
5737;2;0
5738;2;0
5739;2;0
5740;2;0
5741;2;0
5742;2;0
5743;2;0
5744;2;0
5745;2;0
5746;2;0
5747;2;0
5748;2;0
5749;2;0
5750;2;0
5751;2;0
5752;2;0
5753;2;0
5754;2;0
5755;2;0
5756;2;0
5757;2;0
5758;2;0
5759;2;0
5760;2;0
5761;2;0
5762;2;0
5763;2;0
5764;2;0
5765;2;0
5766;2;0
5767;2;0
5768;2;0
5769;2;0
5770;2;0
5771;2;0
5772;2;0
5773;2;0
5774;2;0
5775;2;0
5776;2;0
5777;2;0
5778;2;0
5779;2;0
5780;2;0
5781;2;0
5782;2;0
5783;2;0
5784;2;0
5785;2;0
5786;2;0
5787;2;0
5788;2;0
5789;2;0
5790;2;0
5791;2;0
5792;2;0
5793;2;0
5794;2;0
5795;2;0
5796;2;0
5797;2;0
5798;2;0
5799;2;0
5800;2;0
5801;2;0
5802;2;0
5803;2;0
5804;2;0
5805;2;0
5806;2;0
5807;2;0
5808;2;0
5809;2;0
5810;2;0
5811;2;0
5812;2;0
5813;2;0
5814;2;0
5815;2;0
5816;2;0
5817;2;0
5818;2;0
5819;2;0
5820;2;0
5821;2;0
5822;2;0
5823;2;1
5824;2;1
5825;2;1
5826;2;1
5827;2;1
5828;2;1
5829;2;1
5830;2;1
5831;2;1
5832;2;1
5833;2;1
5834;2;1
5835;2;1
5836;2;1
5837;2;1
5838;2;1
5839;1;0
5840;1;0
5841;1;0
5842;1;0
5843;1;0
5844;1;0
5845;1;0
5846;1;0
5847;1;0
5848;1;0
5849;1;0
5850;1;0
5851;1;0
5852;1;0
5853;1;0
5854;1;0
5855;1;0
5856;1;0
5857;1;0
5858;1;0
5859;1;0
5860;1;0
5861;1;0
5862;1;0
5863;1;0
5864;1;0
5865;1;0
5866;1;0
5867;1;0
5868;1;0
5869;1;0
5870;1;0
5871;1;0
5872;1;0
5873;1;0
5874;1;0
5875;1;0
5876;1;0
5877;1;0
5878;1;0
5879;1;0
5880;1;0
5881;1;1
5882;1;1
5883;1;1
5884;1;1
5885;1;1
5886;1;1
5887;1;1
5888;1;1
5889;1;1
5890;1;1
5891;1;1
5892;1;1
5893;1;1
5894;1;1
5895;1;1
5896;1;1
5897;1;1
5898;1;1
5899;1;1
5900;1;1
5901;1;1
5902;1;1
5903;1;1
5904;1;1
5905;1;1
5906;1;1
5907;1;1
5908;1;1
5909;1;1
5910;2;0
5911;2;0
5912;2;0
5913;2;0
5914;2;0
5915;2;0
5916;2;0
5917;2;0
5918;2;0
5919;2;0
5920;2;0
5921;2;0
5922;2;0
5923;2;0
5924;2;0
5925;2;0
5926;2;0
5927;2;0
5928;2;0
5929;2;0
5930;2;0
5931;2;0
5932;2;0
5933;2;0
5934;2;0
5935;2;0
5936;2;0
5937;2;0
5938;2;0
5939;2;0
5940;2;0
5941;2;0
5942;2;0
5943;2;0
5944;2;0
5945;2;1
5946;2;1
5947;2;1
5948;2;1
5949;2;1
5950;2;1
5951;2;1
5952;2;1
5953;2;1
5954;2;1
5955;2;1
5956;2;1
5957;2;1
5958;1;0
5959;1;0
5960;1;0
5961;1;0
5962;1;0
5963;1;0
5964;1;0
5965;1;0
5966;1;0
5967;1;0
5968;1;0
5969;1;0
5970;1;0
5971;1;0
5972;1;0
5973;1;0
5974;1;0
5975;1;0
5976;1;0
5977;1;0
5978;1;0
5979;1;0
5980;1;0
5981;1;0
5982;1;0
5983;1;0
5984;1;0
5985;1;0
5986;1;0
5987;1;0
5988;1;0
5989;1;0
5990;1;0
5991;1;0
5992;1;0
5993;1;0
5994;1;0
5995;1;0
5996;1;0
5997;1;0
5998;1;0
5999;1;0
6000;1;0
6001;1;0
6002;1;0
6003;1;0
6004;1;0
6005;1;0
6006;1;0
6007;1;0
6008;1;0
6009;1;0
6010;1;0
6011;1;0
6012;1;0
6013;1;0
6014;1;0
6015;1;0
6016;1;0
6017;1;0
6018;1;0
6019;1;0
6020;1;0
6021;1;0
6022;1;0
6023;1;0
6024;1;0
6025;1;0
6026;1;0
6027;1;0
6028;1;0
6029;1;0
6030;1;0
6031;1;0
6032;1;0
6033;1;0
6034;1;0
6035;1;0
6036;1;0
6037;1;0
6038;1;0
6039;1;0
6040;1;0
6041;1;0
6042;1;0
6043;1;0
6044;1;0
6045;1;0
6046;1;0
6047;1;0
6048;1;0
6049;1;0
6050;1;0
6051;1;0
6052;1;0
6053;1;0
6054;1;0
6055;1;0
6056;1;0
6057;1;0
6058;1;0
6059;1;0
6060;1;0
6061;1;0
6062;1;0
6063;1;0
6064;1;0
6065;1;0
6066;1;0
6067;1;0
6068;1;0
6069;1;0
6070;1;0
6071;1;0
6072;1;0
6073;1;0
6074;1;0
6075;1;0
6076;1;0
6077;1;0
6078;1;0
6079;1;1
6080;1;1
6081;1;1
6082;1;1
6083;1;1
6084;1;1
6085;1;1
6086;1;1
6087;1;1
6088;1;1
6089;1;1
6090;1;1
6091;1;1
6092;1;1
6093;1;1
6094;1;1
6095;1;1
6096;1;1
6097;1;1
6098;2;0
6099;2;0
6100;2;0
6101;2;0
6102;2;0
6103;2;0
6104;2;0
6105;2;0
6106;2;0
6107;2;0
6108;2;0
6109;2;0
6110;2;0
6111;2;0
6112;2;0
6113;2;0
6114;2;0
6115;2;0
6116;2;0
6117;2;0
6118;2;0
6119;2;0
6120;2;0
6121;2;0
6122;2;0
6123;2;0
6124;2;0
6125;2;0
6126;2;0
6127;2;0
6128;2;0
6129;2;0
6130;2;0
6131;2;0
6132;2;0
6133;2;0
6134;2;0
6135;2;0
6136;2;0
6137;2;0
6138;2;0
6139;2;0
6140;2;0
6141;2;0
6142;2;0
6143;2;0
6144;2;0
6145;2;0
6146;2;0
6147;2;0
6148;2;0
6149;2;0
6150;2;0
6151;2;0
6152;2;0
6153;2;0
6154;2;0
6155;2;0
6156;2;0
6157;2;0
6158;2;0
6159;2;0
6160;2;0
6161;2;0
6162;2;0
6163;2;0
6164;2;0
6165;2;0
6166;2;0
6167;2;0
6168;2;0
6169;2;0
6170;2;0
6171;2;0
6172;2;0
6173;2;0
6174;2;0
6175;2;0
6176;2;0
6177;2;1
6178;2;1
6179;2;1
6180;2;1
6181;2;1
6182;2;1
6183;2;1
6184;2;1
6185;2;1
6186;2;1
6187;2;1
6188;2;1
6189;2;1
6190;2;1
6191;2;1
6192;2;1
6193;2;1
6194;2;1
6195;2;1
6196;2;1
6197;2;1
6198;2;1
6199;3;0
6200;3;0
6201;3;0
6202;3;0
6203;3;0
6204;3;0
6205;3;0
6206;3;0
6207;3;0
6208;3;0
6209;3;0
6210;3;0
6211;3;0
6212;3;0
6213;3;0
6214;3;0
6215;3;0
6216;3;0
6217;3;0
6218;3;0
6219;3;0
6220;3;0
6221;3;0
6222;3;0
6223;3;0
6224;3;0
6225;3;0
6226;3;0
6227;3;0
6228;3;1
6229;3;1
6230;3;1
6231;3;1
6232;3;1
6233;3;1
6234;3;1
6235;3;1
6236;3;1
6237;3;1
6238;3;1
6239;3;1
6240;3;1
6241;3;1
6242;3;1
6243;4;0
6244;4;0
6245;4;0
6246;4;0
6247;4;0
6248;4;0
6249;4;0
6250;4;0
6251;4;0
6252;4;0
6253;4;0
6254;4;0
6255;4;0
6256;4;0
6257;4;0
6258;4;0
6259;4;0
6260;4;0
6261;4;0
6262;4;0
6263;4;0
6264;4;0
6265;4;0
6266;4;0
6267;4;0
6268;4;0
6269;4;0
6270;4;0
6271;4;0
6272;4;0
6273;4;0
6274;4;0
6275;4;0
6276;4;0
6277;4;0
6278;4;0
6279;4;0
6280;4;0
6281;4;0
6282;4;0
6283;4;0
6284;4;0
6285;4;0
6286;4;1
6287;4;1
6288;4;1
6289;4;1
6290;4;1
6291;4;1
6292;4;1
6293;4;1
6294;4;1
6295;4;1
6296;4;1
6297;4;1
6298;4;1
6299;4;1
6300;4;1
6301;4;1
6302;4;1
6303;4;1
6304;4;1
6305;4;1
6306;4;1
6307;4;1
6308;4;1
6309;4;1
6310;4;1
6311;3;0
6312;3;0
6313;3;0
6314;3;0
6315;3;0
6316;3;0
6317;3;0
6318;3;0
6319;3;0
6320;3;0
6321;3;0
6322;3;0
6323;3;0
6324;3;0
6325;3;0
6326;3;0
6327;3;0
6328;3;0
6329;3;0
6330;3;0
6331;3;0
6332;3;0
6333;3;0
6334;3;0
6335;3;0
6336;3;0
6337;3;0
6338;3;0
6339;3;0
6340;3;0
6341;3;0
6342;3;0
6343;3;0
6344;3;0
6345;3;1
6346;3;1
6347;3;1
6348;3;1
6349;3;1
6350;3;1
6351;3;1
6352;3;1
6353;3;1
6354;3;1
6355;3;1
6356;3;1
6357;3;1
6358;3;1
6359;3;1
6360;3;1
6361;3;1
6362;3;1
6363;3;1
6364;2;0
6365;2;0
6366;2;0
6367;2;0
6368;2;0
6369;2;0
6370;2;0
6371;2;0
6372;2;0
6373;2;0
6374;2;0
6375;2;0
6376;2;0
6377;2;0
6378;2;0
6379;2;0
6380;2;0
6381;2;0
6382;2;0
6383;2;0
6384;2;0
6385;2;0
6386;2;0
6387;2;0
6388;2;0
6389;2;0
6390;2;0
6391;2;0
6392;2;0
6393;2;0
6394;2;0
6395;2;0
6396;2;0
6397;2;0
6398;2;0
6399;2;0
6400;2;0
6401;2;1
6402;2;1
6403;2;1
6404;2;1
6405;2;1
6406;2;1
6407;2;1
6408;2;1
6409;2;1
6410;2;1
6411;2;1
6412;2;1
6413;2;1
6414;2;1
6415;2;1
6416;2;1
6417;2;1
6418;2;1
6419;1;0
6420;1;0
6421;1;0
6422;1;0
6423;1;0
6424;1;0
6425;1;0
6426;1;0
6427;1;0
6428;1;0
6429;1;0
6430;1;0
6431;1;0
6432;1;0
6433;1;0
6434;1;0
6435;1;0
6436;1;0
6437;1;0
6438;1;0
6439;1;0
6440;1;0
6441;1;0
6442;1;0
6443;1;0
6444;1;0
6445;1;0
6446;1;0
6447;1;0
6448;1;0
6449;1;0
6450;1;0
6451;1;0
6452;1;0
6453;1;0
6454;1;0
6455;1;0
6456;1;0
6457;1;0
6458;1;0
6459;1;0
6460;1;0
6461;1;0
6462;1;0
6463;1;0
6464;1;1
6465;1;1
6466;1;1
6467;1;1
6468;1;1
6469;1;1
6470;1;1
6471;1;1
6472;1;1
6473;1;1
6474;1;1
6475;1;1
6476;1;1
6477;1;1
6478;1;1
6479;1;1
6480;1;1
6481;2;0
6482;2;0
6483;2;0
6484;2;0
6485;2;0
6486;2;0
6487;2;0
6488;2;0
6489;2;0
6490;2;0
6491;2;0
6492;2;0
6493;2;0
6494;2;0
6495;2;0
6496;2;0
6497;2;0
6498;2;0
6499;2;0
6500;2;0
6501;2;0
6502;2;0
6503;2;0
6504;2;0
6505;2;0
6506;2;0
6507;2;0
6508;2;0
6509;2;0
6510;2;0
6511;2;0
6512;2;1
6513;2;1
6514;2;1
6515;2;1
6516;2;1
6517;2;1
6518;2;1
6519;2;1
6520;2;1
6521;2;1
6522;2;1
6523;2;1
6524;2;1
6525;2;1
6526;2;1
6527;2;1
6528;2;1
6529;2;1
6530;2;1
6531;2;1
6532;2;1
6533;2;1
6534;3;0
6535;3;0
6536;3;0
6537;3;0
6538;3;0
6539;3;0
6540;3;0
6541;3;0
6542;3;0
6543;3;0
6544;3;0
6545;3;0
6546;3;0
6547;3;0
6548;3;0
6549;3;0
6550;3;0
6551;3;0
6552;3;0
6553;3;0
6554;3;0
6555;3;0
6556;3;0
6557;3;0
6558;3;0
6559;3;0
6560;3;0
6561;3;0
6562;3;0
6563;3;0
6564;3;0
6565;3;0
6566;3;0
6567;3;0
6568;3;0
6569;3;1
6570;3;1
6571;3;1
6572;3;1
6573;3;1
6574;3;1
6575;3;1
6576;3;1
6577;3;1
6578;3;1
6579;3;1
6580;3;1
6581;3;1
6582;3;1
6583;3;1
6584;3;1
6585;3;1
6586;3;1
6587;2;0
6588;2;0
6589;2;0
6590;2;0
6591;2;0
6592;2;0
6593;2;0
6594;2;0
6595;2;0
6596;2;0
6597;2;0
6598;2;0
6599;2;0
6600;2;0
6601;2;0
6602;2;0
6603;2;0
6604;2;0
6605;2;0
6606;2;0
6607;2;0
6608;2;0
6609;2;0
6610;2;0
6611;2;0
6612;2;0
6613;2;0
6614;2;0
6615;2;0
6616;2;0
6617;2;0
6618;2;0
6619;2;1
6620;2;1
6621;2;1
6622;2;1
6623;2;1
6624;2;1
6625;2;1
6626;2;1
6627;2;1
6628;2;1
6629;2;1
6630;2;1
6631;2;1
6632;2;1
6633;2;1
6634;2;1
6635;2;1
6636;2;1
6637;2;1
6638;1;0
6639;1;0
6640;1;0
6641;1;0
6642;1;0
6643;1;0
6644;1;0
6645;1;0
6646;1;0
6647;1;0
6648;1;0
6649;1;0
6650;1;0
6651;1;0
6652;1;0
6653;1;0
6654;1;0
6655;1;0
6656;1;0
6657;1;0
6658;1;0
6659;1;0
6660;1;0
6661;1;0
6662;1;0
6663;1;0
6664;1;0
6665;1;0
6666;1;0
6667;1;0
6668;1;0
6669;1;0
6670;1;0
6671;1;0
6672;1;0
6673;1;0
6674;1;0
6675;1;0
6676;1;0
6677;1;0
6678;1;0
6679;1;0
6680;1;0
6681;1;0
6682;1;0
6683;1;0
6684;1;0
6685;1;0
6686;1;0
6687;1;0
6688;1;0
6689;1;0
6690;1;0
6691;1;0
6692;1;0
6693;1;0
6694;1;0
6695;1;0
6696;1;0
6697;1;0
6698;1;0
6699;1;0
6700;1;0
6701;1;0
6702;1;0
6703;1;0
6704;1;0
6705;1;0
6706;1;0
6707;1;0
6708;1;0
6709;1;0
6710;1;0
6711;1;0
6712;1;0
6713;1;0
6714;1;0
6715;1;0
6716;1;0
6717;1;0
6718;1;0
6719;1;0
6720;1;0
6721;1;0
6722;1;0
6723;1;0
6724;1;0
6725;1;0
6726;1;0
6727;1;0
6728;1;0
6729;1;0
6730;1;0
6731;1;0
6732;1;0
6733;1;0
6734;1;0
6735;1;0
6736;1;0
6737;1;0
6738;1;0
6739;1;0
6740;1;0
6741;1;0
6742;1;0
6743;1;0
6744;1;0
6745;1;0
6746;1;0
6747;1;0
6748;1;0
6749;1;0
6750;1;0
6751;1;0
6752;1;0
6753;1;0
6754;1;0
6755;1;0
6756;1;0
6757;1;0
6758;1;0
6759;1;0
6760;1;0
6761;1;0
6762;1;0
6763;1;0
6764;1;0
6765;1;0
6766;1;0
6767;1;0
6768;1;0
6769;1;0
6770;1;0
6771;1;0
6772;1;0
6773;1;0
6774;1;0
6775;1;0
6776;1;0
6777;1;0
6778;1;0
6779;1;0
6780;1;0
6781;1;0
6782;1;0
6783;1;0
6784;1;0
6785;1;0
6786;1;0
6787;1;0
6788;1;0
6789;1;0
6790;1;0
6791;1;0
6792;1;0
6793;1;0
6794;1;0
6795;1;0
6796;1;0
6797;1;0
6798;1;0
6799;1;0
6800;1;0
6801;1;0
6802;1;0
6803;1;0
6804;1;0
6805;1;0
6806;1;0
6807;1;0
6808;1;0
6809;1;0
6810;1;0
6811;1;0
6812;1;0
6813;1;0
6814;1;1
6815;1;1
6816;1;1
6817;1;1
6818;1;1
6819;1;1
6820;1;1
6821;1;1
6822;1;1
6823;1;1
6824;1;1
6825;1;1
6826;1;1
6827;1;1
6828;1;1
6829;1;1
6830;2;0
6831;2;0
6832;2;0
6833;2;0
6834;2;0
6835;2;0
6836;2;0
6837;2;0
6838;2;0
6839;2;0
6840;2;0
6841;2;0
6842;2;0
6843;2;0
6844;2;0
6845;2;0
6846;2;0
6847;2;0
6848;2;0
6849;2;0
6850;2;0
6851;2;0
6852;2;0
6853;2;0
6854;2;0
6855;2;0
6856;2;0
6857;2;0
6858;2;0
6859;2;0
6860;2;0
6861;2;0
6862;2;0
6863;2;0
6864;2;0
6865;2;0
6866;2;0
6867;2;0
6868;2;0
6869;2;0
6870;2;0
6871;2;1
6872;2;1
6873;2;1
6874;2;1
6875;2;1
6876;2;1
6877;2;1
6878;2;1
6879;2;1
6880;2;1
6881;2;1
6882;2;1
6883;2;1
6884;2;1
6885;2;1
6886;2;1
6887;2;1
6888;3;0
6889;3;0
6890;3;0
6891;3;0
6892;3;0
6893;3;0
6894;3;0
6895;3;0
6896;3;0
6897;3;0
6898;3;0
6899;3;0
6900;3;0
6901;3;0
6902;3;0
6903;3;0
6904;3;0
6905;3;0
6906;3;0
6907;3;0
6908;3;0
6909;3;0
6910;3;0
6911;3;0
6912;3;0
6913;3;0
6914;3;0
6915;3;0
6916;3;0
6917;3;0
6918;3;0
6919;3;0
6920;3;0
6921;3;0
6922;3;0
6923;3;0
6924;3;0
6925;3;0
6926;3;1
6927;3;1
6928;3;1
6929;3;1
6930;3;1
6931;3;1
6932;3;1
6933;3;1
6934;3;1
6935;3;1
6936;3;1
6937;3;1
6938;3;1
6939;3;1
6940;3;1
6941;3;1
6942;4;0
6943;4;0
6944;4;0
6945;4;0
6946;4;0
6947;4;0
6948;4;0
6949;4;0
6950;4;0
6951;4;0
6952;4;0
6953;4;0
6954;4;0
6955;4;0
6956;4;0
6957;4;0
6958;4;0
6959;4;0
6960;4;0
6961;4;0
6962;4;0
6963;4;0
6964;4;0
6965;4;0
6966;4;0
6967;4;0
6968;4;0
6969;4;0
6970;4;0
6971;4;0
6972;4;0
6973;4;0
6974;4;0
6975;4;0
6976;4;0
6977;4;0
6978;4;0
6979;4;0
6980;4;0
6981;4;0
6982;4;1
6983;4;1
6984;4;1
6985;4;1
6986;4;1
6987;4;1
6988;4;1
6989;4;1
6990;4;1
6991;4;1
6992;4;1
6993;4;1
6994;4;1
6995;4;1
6996;4;1
6997;4;1
6998;4;1
6999;3;0
7000;3;0
7001;3;0
7002;3;0
7003;3;0
7004;3;0
7005;3;0
7006;3;0
7007;3;0
7008;3;0
7009;3;0
7010;3;0
7011;3;0
7012;3;0
7013;3;0
7014;3;0
7015;3;0
7016;3;0
7017;3;0
7018;3;0
7019;3;0
7020;3;0
7021;3;0
7022;3;0
7023;3;0
7024;3;0
7025;3;0
7026;3;0
7027;3;0
7028;3;0
7029;3;0
7030;3;0
7031;3;0
7032;3;0
7033;3;0
7034;3;0
7035;3;0
7036;3;0
7037;3;0
7038;3;0
7039;3;0
7040;3;0
7041;3;0
7042;3;0
7043;3;0
7044;3;0
7045;3;0
7046;3;0
7047;3;0
7048;3;0
7049;3;0
7050;3;0
7051;3;0
7052;3;0
7053;3;0
7054;3;0
7055;3;0
7056;3;0
7057;3;0
7058;3;0
7059;3;0
7060;3;1
7061;3;1
7062;3;1
7063;3;1
7064;3;1
7065;3;1
7066;3;1
7067;3;1
7068;3;1
7069;3;1
7070;3;1
7071;3;1
7072;3;1
7073;3;1
7074;3;1
7075;3;1
7076;3;1
7077;3;1
7078;3;1
7079;3;1
7080;3;1
7081;4;0
7082;4;0
7083;4;0
7084;4;0
7085;4;0
7086;4;0
7087;4;0
7088;4;0
7089;4;0
7090;4;0
7091;4;0
7092;4;0
7093;4;0
7094;4;0
7095;4;0
7096;4;0
7097;4;0
7098;4;0
7099;4;0
7100;4;0
7101;4;0
7102;4;0
7103;4;0
7104;4;0
7105;4;0
7106;4;0
7107;4;0
7108;4;0
7109;4;0
7110;4;0
7111;4;0
7112;4;0
7113;4;1
7114;4;1
7115;4;1
7116;4;1
7117;4;1
7118;4;1
7119;4;1
7120;4;1
7121;4;1
7122;4;1
7123;4;1
7124;4;1
7125;4;1
7126;4;1
7127;4;1
7128;3;0
7129;3;0
7130;3;0
7131;3;0
7132;3;0
7133;3;0
7134;3;0
7135;3;0
7136;3;0
7137;3;0
7138;3;0
7139;3;0
7140;3;0
7141;3;0
7142;3;0
7143;3;0
7144;3;0
7145;3;0
7146;3;0
7147;3;0
7148;3;0
7149;3;0
7150;3;0
7151;3;0
7152;3;0
7153;3;0
7154;3;0
7155;3;0
7156;3;0
7157;3;0
7158;3;0
7159;3;0
7160;3;1
7161;3;1
7162;3;1
7163;3;1
7164;3;1
7165;3;1
7166;3;1
7167;3;1
7168;3;1
7169;3;1
7170;3;1
7171;3;1
7172;3;1
7173;3;1
7174;3;1
7175;3;1
7176;3;1
7177;3;1
7178;3;1
7179;2;0
7180;2;0
7181;2;0
7182;2;0
7183;2;0
7184;2;0
7185;2;0
7186;2;0
7187;2;0
7188;2;0
7189;2;0
7190;2;0
7191;2;0
7192;2;0
7193;2;0
7194;2;0
7195;2;0
7196;2;0
7197;2;0
7198;2;0
7199;2;0
7200;2;0
7201;2;0
7202;2;0
7203;2;0
7204;2;0
7205;2;0
7206;2;0
7207;2;0
7208;2;0
7209;2;0
7210;2;0
7211;2;0
7212;2;0
7213;2;0
7214;2;0
7215;2;0
7216;2;0
7217;2;0
7218;2;0
7219;2;0
7220;2;0
7221;2;0
7222;2;0
7223;2;1
7224;2;1
7225;2;1
7226;2;1
7227;2;1
7228;2;1
7229;2;1
7230;2;1
7231;2;1
7232;2;1
7233;2;1
7234;2;1
7235;2;1
7236;2;1
7237;3;0
7238;3;0
7239;3;0
7240;3;0
7241;3;0
7242;3;0
7243;3;0
7244;3;0
7245;3;0
7246;3;0
7247;3;0
7248;3;0
7249;3;0
7250;3;0
7251;3;0
7252;3;0
7253;3;0
7254;3;0
7255;3;0
7256;3;0
7257;3;0
7258;3;0
7259;3;0
7260;3;0
7261;3;0
7262;3;0
7263;3;0
7264;3;0
7265;3;0
7266;3;0
7267;3;0
7268;3;0
7269;3;0
7270;3;0
7271;3;0
7272;3;0
7273;3;0
7274;3;1
7275;3;1
7276;3;1
7277;3;1
7278;3;1
7279;3;1
7280;3;1
7281;3;1
7282;3;1
7283;3;1
7284;3;1
7285;3;1
7286;3;1
7287;3;1
7288;3;1
7289;3;1
7290;3;1
7291;3;1
7292;4;0
7293;4;0
7294;4;0
7295;4;0
7296;4;0
7297;4;0
7298;4;0
7299;4;0
7300;4;0
7301;4;0
7302;4;0
7303;4;0
7304;4;0
7305;4;0
7306;4;0
7307;4;0
7308;4;0
7309;4;0
7310;4;0
7311;4;0
7312;4;0
7313;4;0
7314;4;0
7315;4;0
7316;4;0
7317;4;0
7318;4;0
7319;4;0
7320;4;0
7321;4;0
7322;4;0
7323;4;0
7324;4;0
7325;4;0
7326;4;0
7327;4;0
7328;4;0
7329;4;0
7330;4;0
7331;4;0
7332;4;0
7333;4;0
7334;4;0
7335;4;0
7336;4;0
7337;4;0
7338;4;0
7339;4;0
7340;4;0
7341;4;0
7342;4;1
7343;4;1
7344;4;1
7345;4;1
7346;4;1
7347;4;1
7348;4;1
7349;4;1
7350;4;1
7351;4;1
7352;4;1
7353;4;1
7354;4;1
7355;4;1
7356;4;1
7357;4;1
7358;4;1
7359;3;0
7360;3;0
7361;3;0
7362;3;0
7363;3;0
7364;3;0
7365;3;0
7366;3;0
7367;3;0
7368;3;0
7369;3;0
7370;3;0
7371;3;0
7372;3;0
7373;3;0
7374;3;0
7375;3;0
7376;3;0
7377;3;0
7378;3;0
7379;3;0
7380;3;0
7381;3;0
7382;3;0
7383;3;0
7384;3;0
7385;3;0
7386;3;0
7387;3;0
7388;3;0
7389;3;0
7390;3;0
7391;3;0
7392;3;0
7393;3;0
7394;3;0
7395;3;0
7396;3;0
7397;3;0
7398;3;0
7399;3;0
7400;3;0
7401;3;0
7402;3;0
7403;3;0
7404;3;0
7405;3;0
7406;3;0
7407;3;0
7408;3;0
7409;3;1
7410;3;1
7411;3;1
7412;3;1
7413;3;1
7414;3;1
7415;3;1
7416;3;1
7417;3;1
7418;3;1
7419;3;1
7420;3;1
7421;3;1
7422;3;1
7423;3;1
7424;3;1
7425;3;1
7426;3;1
7427;3;1
7428;3;1
7429;3;1
7430;3;1
7431;3;1
7432;2;0
7433;2;0
7434;2;0
7435;2;0
7436;2;0
7437;2;0
7438;2;0
7439;2;0
7440;2;1
7441;2;1
7442;2;1
7443;2;1
7444;2;1
7445;2;1
7446;2;1
7447;2;1
7448;2;1
7449;2;1
7450;2;1
7451;2;1
7452;1;0
7453;1;0
7454;1;0
7455;1;0
7456;1;0
7457;1;0
7458;1;0
7459;1;0
7460;1;0
7461;1;0
7462;1;0
7463;1;0
7464;1;0
7465;1;0
7466;1;0
7467;1;0
7468;1;0
7469;1;0
7470;1;0
7471;1;0
7472;1;0
7473;1;0
7474;1;0
7475;1;0
7476;1;0
7477;1;0
7478;1;0
7479;1;0
7480;1;0
7481;1;0
7482;1;0
7483;1;0
7484;1;0
7485;1;0
7486;1;0
7487;1;0
7488;1;0
7489;1;0
7490;1;0
7491;1;0
7492;1;0
7493;1;0
7494;1;0
7495;1;0
7496;1;0
7497;1;1
7498;1;1
7499;1;1
7500;1;1
7501;1;1
7502;1;1
7503;1;1
7504;1;1
7505;1;1
7506;1;1
7507;1;1
7508;1;1
7509;1;1
7510;1;1
7511;1;1
7512;1;1
7513;1;1
7514;1;1
7515;1;1
7516;1;1
7517;1;1
7518;1;1
7519;1;1
7520;1;1
7521;1;1
7522;1;1
7523;1;1
7524;1;1
7525;1;1
7526;1;1
7527;1;1
7528;2;0
7529;2;0
7530;2;0
7531;2;0
7532;2;0
7533;2;0
7534;2;0
7535;2;0
7536;2;0
7537;2;0
7538;2;0
7539;2;0
7540;2;0
7541;2;0
7542;2;0
7543;2;0
7544;2;0
7545;2;0
7546;2;0
7547;2;0
7548;2;0
7549;2;0
7550;2;0
7551;2;0
7552;2;0
7553;2;0
7554;2;0
7555;2;0
7556;2;0
7557;2;0
7558;2;0
7559;2;0
7560;2;0
7561;2;0
7562;2;0
7563;2;0
7564;2;0
7565;2;0
7566;2;0
7567;2;0
7568;2;0
7569;2;0
7570;2;0
7571;2;0
7572;2;0
7573;2;0
7574;2;0
7575;2;0
7576;2;0
7577;2;0
7578;2;0
7579;2;1
7580;2;1
7581;2;1
7582;2;1
7583;2;1
7584;2;1
7585;2;1
7586;2;1
7587;2;1
7588;2;1
7589;2;1
7590;2;1
7591;2;1
7592;2;1
7593;2;1
7594;2;1
7595;2;1
7596;2;1
7597;3;0
7598;3;0
7599;3;0
7600;3;0
7601;3;0
7602;3;0
7603;3;0
7604;3;0
7605;3;0
7606;3;0
7607;3;0
7608;3;0
7609;3;0
7610;3;0
7611;3;0
7612;3;0
7613;3;0
7614;3;0
7615;3;0
7616;3;0
7617;3;0
7618;3;0
7619;3;0
7620;3;0
7621;3;0
7622;3;0
7623;3;0
7624;3;0
7625;3;0
7626;3;0
7627;3;0
7628;3;0
7629;3;0
7630;3;0
7631;3;0
7632;3;1
7633;3;1
7634;3;1
7635;3;1
7636;3;1
7637;3;1
7638;3;1
7639;3;1
7640;3;1
7641;3;1
7642;3;1
7643;3;1
7644;3;1
7645;3;1
7646;3;1
7647;3;1
7648;3;1
7649;2;0
7650;2;0
7651;2;0
7652;2;0
7653;2;0
7654;2;0
7655;2;0
7656;2;0
7657;2;0
7658;2;0
7659;2;0
7660;2;0
7661;2;0
7662;2;0
7663;2;0
7664;2;0
7665;2;0
7666;2;0
7667;2;0
7668;2;0
7669;2;0
7670;2;0
7671;2;0
7672;2;0
7673;2;0
7674;2;0
7675;2;0
7676;2;0
7677;2;0
7678;2;0
7679;2;0
7680;2;0
7681;2;0
7682;2;0
7683;2;1
7684;2;1
7685;2;1
7686;2;1
7687;2;1
7688;2;1
7689;2;1
7690;2;1
7691;2;1
7692;2;1
7693;2;1
7694;2;1
7695;2;1
7696;2;1
7697;2;1
7698;2;1
7699;2;1
7700;2;1
7701;2;1
7702;1;0
7703;1;0
7704;1;0
7705;1;0
7706;1;0
7707;1;0
7708;1;0
7709;1;0
7710;1;0
7711;1;0
7712;1;0
7713;1;0
7714;1;0
7715;1;0
7716;1;0
7717;1;0
7718;1;0
7719;1;0
7720;1;0
7721;1;0
7722;1;0
7723;1;0
7724;1;0
7725;1;0
7726;1;0
7727;1;0
7728;1;0
7729;1;0
7730;1;0
7731;1;0
7732;1;0
7733;1;0
7734;1;0
7735;1;0
7736;1;0
7737;1;0
7738;1;0
7739;1;0
7740;1;0
7741;1;0
7742;1;0
7743;1;0
7744;1;0
7745;1;0
7746;1;0
7747;1;0
7748;1;0
7749;1;0
7750;1;0
7751;1;0
7752;1;0
7753;1;0
7754;1;0
7755;1;0
7756;1;0
7757;1;0
7758;1;0
7759;1;0
7760;1;1
7761;1;1
7762;1;1
7763;1;1
7764;1;1
7765;1;1
7766;1;1
7767;1;1
7768;1;1
7769;1;1
7770;1;1
7771;1;1
7772;1;1
7773;1;1
7774;1;1
7775;1;1
7776;1;1
7777;1;1
7778;1;1
7779;1;1
7780;1;1
7781;1;1
7782;2;0
7783;2;0
7784;2;0
7785;2;0
7786;2;0
7787;2;0
7788;2;0
7789;2;0
7790;2;0
7791;2;0
7792;2;0
7793;2;0
7794;2;0
7795;2;0
7796;2;0
7797;2;0
7798;2;0
7799;2;0
7800;2;0
7801;2;0
7802;2;0
7803;2;0
7804;2;0
7805;2;0
7806;2;0
7807;2;0
7808;2;0
7809;2;0
7810;2;0
7811;2;0
7812;2;0
7813;2;0
7814;2;0
7815;2;0
7816;2;0
7817;2;0
7818;2;0
7819;2;0
7820;2;1
7821;2;1
7822;2;1
7823;2;1
7824;2;1
7825;2;1
7826;2;1
7827;2;1
7828;2;1
7829;2;1
7830;2;1
7831;2;1
7832;2;1
7833;2;1
7834;2;1
7835;2;1
7836;2;1
7837;2;1
7838;2;1
7839;2;1
7840;2;1
7841;2;1
7842;2;1
7843;3;0
7844;3;0
7845;3;0
7846;3;0
7847;3;0
7848;3;0
7849;3;0
7850;3;0
7851;3;0
7852;3;0
7853;3;0
7854;3;0
7855;3;0
7856;3;0
7857;3;0
7858;3;0
7859;3;0
7860;3;0
7861;3;0
7862;3;0
7863;3;0
7864;3;0
7865;3;0
7866;3;0
7867;3;0
7868;3;0
7869;3;0
7870;3;0
7871;3;0
7872;3;0
7873;3;0
7874;3;0
7875;3;0
7876;3;0
7877;3;0
7878;3;0
7879;3;0
7880;3;0
7881;3;0
7882;3;0
7883;3;0
7884;3;1
7885;3;1
7886;3;1
7887;3;1
7888;3;1
7889;3;1
7890;3;1
7891;3;1
7892;3;1
7893;3;1
7894;3;1
7895;3;1
7896;3;1
7897;3;1
7898;3;1
7899;3;1
7900;3;1
7901;3;1
7902;3;1
7903;3;1
7904;3;1
7905;3;1
7906;3;1
7907;3;1
7908;3;1
7909;2;0
7910;2;0
7911;2;0
7912;2;0
7913;2;0
7914;2;0
7915;2;0
7916;2;0
7917;2;0
7918;2;0
7919;2;0
7920;2;0
7921;2;0
7922;2;0
7923;2;0
7924;2;0
7925;2;0
7926;2;0
7927;2;0
7928;2;0
7929;2;0
7930;2;0
7931;2;0
7932;2;0
7933;2;0
7934;2;0
7935;2;0
7936;2;0
7937;2;0
7938;2;0
7939;2;0
7940;2;1
7941;2;1
7942;2;1
7943;2;1
7944;2;1
7945;2;1
7946;2;1
7947;2;1
7948;2;1
7949;2;1
7950;2;1
7951;2;1
7952;2;1
7953;2;1
7954;2;1
7955;2;1
7956;2;1
7957;2;1
7958;1;0
7959;1;0
7960;1;0
7961;1;0
7962;1;0
7963;1;0
7964;1;0
7965;1;0
7966;1;0
7967;1;0
7968;1;0
7969;1;0
7970;1;0
7971;1;0
7972;1;0
7973;1;0
7974;1;0
7975;1;0
7976;1;0
7977;1;0
7978;1;0
7979;1;0
7980;1;0
7981;1;0
7982;1;0
7983;1;0
7984;1;0
7985;1;0
7986;1;0
7987;1;0
7988;1;0
7989;1;0
7990;1;0
7991;1;0
7992;1;0
7993;1;0
7994;1;0
7995;1;0
7996;1;0
7997;1;0
7998;1;0
7999;1;0
8000;1;0
8001;1;0
8002;1;0
8003;1;0
8004;1;0
8005;1;0
8006;1;0
8007;1;0
8008;1;0
8009;1;0
8010;1;0
8011;1;0
8012;1;0
8013;1;0
8014;1;0
8015;1;0
8016;1;0
8017;1;0
8018;1;0
8019;1;0
8020;1;0
8021;1;0
8022;1;0
8023;1;0
8024;1;0
8025;1;0
8026;1;0
8027;1;0
8028;1;0
8029;1;0
8030;1;0
8031;1;0
8032;1;0
8033;1;0
8034;1;0
8035;1;0
8036;1;0
8037;1;0
8038;1;0
8039;1;0
8040;1;0
8041;1;0
8042;1;0
8043;1;0
8044;1;0
8045;1;0
8046;1;0
8047;1;0
8048;1;0
8049;1;0
8050;1;0
8051;1;0
8052;1;0
8053;1;0
8054;1;0
8055;1;0
8056;1;0
8057;1;0
8058;1;0
8059;1;0
8060;1;0
8061;1;0
8062;1;0
8063;1;0
8064;1;0
8065;1;0
8066;1;0
8067;1;0
8068;1;0
8069;1;0
8070;1;0
8071;1;0
8072;1;0
8073;1;0
8074;1;0
8075;1;0
8076;1;1
8077;1;1
8078;1;1
8079;1;1
8080;1;1
8081;1;1
8082;1;1
8083;1;1
8084;1;1
8085;1;1
8086;1;1
8087;1;1
8088;1;1
8089;1;1
8090;1;1
8091;1;1
8092;1;1
8093;1;1
8094;1;1
8095;1;1
8096;1;1
8097;1;1
8098;1;1
8099;1;1
8100;1;1
8101;2;0
8102;2;0
8103;2;0
8104;2;0
8105;2;0
8106;2;0
8107;2;0
8108;2;0
8109;2;0
8110;2;0
8111;2;0
8112;2;0
8113;2;0
8114;2;0
8115;2;0
8116;2;0
8117;2;0
8118;2;0
8119;2;0
8120;2;0
8121;2;0
8122;2;0
8123;2;0
8124;2;0
8125;2;0
8126;2;0
8127;2;0
8128;2;0
8129;2;0
8130;2;0
8131;2;0
8132;2;0
8133;2;0
8134;2;0
8135;2;0
8136;2;0
8137;2;0
8138;2;0
8139;2;0
8140;2;0
8141;2;0
8142;2;0
8143;2;0
8144;2;1
8145;2;1
8146;2;1
8147;2;1
8148;2;1
8149;2;1
8150;2;1
8151;2;1
8152;2;1
8153;2;1
8154;2;1
8155;2;1
8156;2;1
8157;2;1
8158;2;1
8159;2;1
8160;2;1
8161;2;1
8162;2;1
8163;2;1
8164;1;0
8165;1;0
8166;1;0
8167;1;0
8168;1;0
8169;1;0
8170;1;0
8171;1;0
8172;1;0
8173;1;0
8174;1;0
8175;1;0
8176;1;0
8177;1;0
8178;1;0
8179;1;0
8180;1;0
8181;1;0
8182;1;0
8183;1;0
8184;1;0
8185;1;0
8186;1;0
8187;1;0
8188;1;0
8189;1;0
8190;1;0
8191;1;0
8192;1;0
8193;1;0
8194;1;0
8195;1;0
8196;1;0
8197;1;0
8198;1;0
8199;1;0
8200;1;0
8201;1;0
8202;1;0
8203;1;0
8204;1;0
8205;1;0
8206;1;0
8207;1;0
8208;1;0
8209;1;0
8210;1;0
8211;1;0
8212;1;0
8213;1;0
8214;1;0
8215;1;0
8216;1;0
8217;1;0
8218;1;1
8219;1;1
8220;1;1
8221;1;1
8222;1;1
8223;1;1
8224;1;1
8225;1;1
8226;1;1
8227;1;1
8228;1;1
8229;1;1
8230;1;1
8231;1;1
8232;1;1
8233;1;1
8234;1;1
8235;1;1
8236;1;1
8237;1;1
8238;1;1
8239;2;0
8240;2;0
8241;2;0
8242;2;0
8243;2;0
8244;2;0
8245;2;0
8246;2;0
8247;2;0
8248;2;0
8249;2;0
8250;2;0
8251;2;0
8252;2;0
8253;2;0
8254;2;0
8255;2;0
8256;2;0
8257;2;0
8258;2;0
8259;2;0
8260;2;0
8261;2;0
8262;2;0
8263;2;0
8264;2;0
8265;2;0
8266;2;0
8267;2;0
8268;2;0
8269;2;0
8270;2;0
8271;2;0
8272;2;0
8273;2;0
8274;2;0
8275;2;0
8276;2;0
8277;2;0
8278;2;0
8279;2;0
8280;2;0
8281;2;0
8282;2;0
8283;2;0
8284;2;0
8285;2;0
8286;2;0
8287;2;0
8288;2;0
8289;2;0
8290;2;0
8291;2;0
8292;2;0
8293;2;0
8294;2;0
8295;2;0
8296;2;0
8297;2;0
8298;2;1
8299;2;1
8300;2;1
8301;2;1
8302;2;1
8303;2;1
8304;2;1
8305;2;1
8306;2;1
8307;2;1
8308;2;1
8309;2;1
8310;2;1
8311;2;1
8312;2;1
8313;2;1
8314;2;1
8315;2;1
8316;2;1
8317;2;1
8318;2;1
8319;2;1
8320;3;0
8321;3;0
8322;3;0
8323;3;0
8324;3;0
8325;3;0
8326;3;0
8327;3;0
8328;3;0
8329;3;0
8330;3;0
8331;3;0
8332;3;0
8333;3;0
8334;3;0
8335;3;0
8336;3;0
8337;3;0
8338;3;0
8339;3;0
8340;3;0
8341;3;0
8342;3;0
8343;3;0
8344;3;0
8345;3;0
8346;3;0
8347;3;0
8348;3;0
8349;3;0
8350;3;0
8351;3;0
8352;3;0
8353;3;0
8354;3;0
8355;3;0
8356;3;0
8357;3;0
8358;3;0
8359;3;0
8360;3;0
8361;3;0
8362;3;0
8363;3;0
8364;3;0
8365;3;0
8366;3;1
8367;3;1
8368;3;1
8369;3;1
8370;3;1
8371;3;1
8372;3;1
8373;3;1
8374;3;1
8375;3;1
8376;3;1
8377;3;1
8378;3;1
8379;3;1
8380;3;1
8381;3;1
8382;3;1
8383;3;1
8384;3;1
8385;3;1
8386;4;0
8387;4;0
8388;4;0
8389;4;0
8390;4;0
8391;4;0
8392;4;0
8393;4;0
8394;4;0
8395;4;0
8396;4;0
8397;4;0
8398;4;0
8399;4;0
8400;4;0
8401;4;0
8402;4;0
8403;4;0
8404;4;0
8405;4;0
8406;4;0
8407;4;0
8408;4;0
8409;4;0
8410;4;0
8411;4;0
8412;4;0
8413;4;0
8414;4;0
8415;4;0
8416;4;0
8417;4;0
8418;4;0
8419;4;0
8420;4;0
8421;4;0
8422;4;0
8423;4;0
8424;4;0
8425;4;0
8426;4;0
8427;4;0
8428;4;0
8429;4;0
8430;4;0
8431;4;0
8432;4;0
8433;4;0
8434;4;0
8435;4;0
8436;4;0
8437;4;0
8438;4;0
8439;4;0
8440;4;0
8441;4;0
8442;4;0
8443;4;0
8444;4;0
8445;4;0
8446;4;0
8447;4;0
8448;4;0
8449;4;0
8450;4;0
8451;4;0
8452;4;0
8453;4;0
8454;4;1
8455;4;1
8456;4;1
8457;4;1
8458;4;1
8459;4;1
8460;4;1
8461;4;1
8462;4;1
8463;4;1
8464;4;1
8465;4;1
8466;4;1
8467;4;1
8468;4;1
8469;4;1
8470;4;1
8471;4;1
8472;4;1
8473;4;1
8474;3;0
8475;3;0
8476;3;0
8477;3;0
8478;3;0
8479;3;0
8480;3;0
8481;3;0
8482;3;0
8483;3;0
8484;3;0
8485;3;0
8486;3;0
8487;3;0
8488;3;0
8489;3;0
8490;3;0
8491;3;0
8492;3;0
8493;3;0
8494;3;0
8495;3;0
8496;3;0
8497;3;0
8498;3;0
8499;3;0
8500;3;0
8501;3;0
8502;3;0
8503;3;0
8504;3;0
8505;3;0
8506;3;0
8507;3;0
8508;3;0
8509;3;0
8510;3;0
8511;3;0
8512;3;0
8513;3;0
8514;3;0
8515;3;0
8516;3;0
8517;3;0
8518;3;0
8519;3;0
8520;3;0
8521;3;0
8522;3;0
8523;3;0
8524;3;0
8525;3;0
8526;3;0
8527;3;0
8528;3;0
8529;3;0
8530;3;0
8531;3;0
8532;3;0
8533;3;0
8534;3;0
8535;3;0
8536;3;0
8537;3;0
8538;3;0
8539;3;0
8540;3;0
8541;3;0
8542;3;0
8543;3;0
8544;3;0
8545;3;0
8546;3;0
8547;3;0
8548;3;0
8549;3;0
8550;3;0
8551;3;0
8552;3;0
8553;3;0
8554;3;0
8555;3;0
8556;3;0
8557;3;0
8558;3;0
8559;3;0
8560;3;0
8561;3;0
8562;3;0
8563;3;0
8564;3;0
8565;3;0
8566;3;0
8567;3;0
8568;3;0
8569;3;0
8570;3;0
8571;3;0
8572;3;0
8573;3;0
8574;3;0
8575;3;0
8576;3;0
8577;3;0
8578;3;0
8579;3;0
8580;3;0
8581;3;0
8582;3;0
8583;3;0
8584;3;0
8585;3;0
8586;3;0
8587;3;0
8588;3;0
8589;3;0
8590;3;0
8591;3;0
8592;3;0
8593;3;0
8594;3;0
8595;3;0
8596;3;0
8597;3;0
8598;3;0
8599;3;0
8600;3;0
8601;3;0
8602;3;0
8603;3;0
8604;3;0
8605;3;0
8606;3;0
8607;3;0
8608;3;0
8609;3;0
8610;3;0
8611;3;0
8612;3;0
8613;3;0
8614;3;0
8615;3;0
8616;3;0
8617;3;0
8618;3;0
8619;3;0
8620;3;0
8621;3;0
8622;3;0
8623;3;0
8624;3;0
8625;3;0
8626;3;0
8627;3;0
8628;3;0
8629;3;0
8630;3;0
8631;3;0
8632;3;0
8633;3;0
8634;3;0
8635;3;0
8636;3;0
8637;3;0
8638;3;0
8639;3;0
8640;3;0
8641;3;0
8642;3;0
8643;3;0
8644;3;0
8645;3;0
8646;3;0
8647;3;0
8648;3;0
8649;3;0
8650;3;0
8651;3;0
8652;3;0
8653;3;0
8654;3;0
8655;3;0
8656;3;0
8657;3;0
8658;3;0
8659;3;0
8660;3;0
8661;3;0
8662;3;0
8663;3;0
8664;3;0
8665;3;0
8666;3;0
8667;3;0
8668;3;0
8669;3;0
8670;3;0
8671;3;0
8672;3;0
8673;3;0
8674;3;0
8675;3;0
8676;3;0
8677;3;0
8678;3;0
8679;3;0
8680;3;0
8681;3;0
8682;3;0
8683;3;0
8684;3;0
8685;3;0
8686;3;0
8687;3;0
8688;3;0
8689;3;0
8690;3;0
8691;3;1
8692;3;1
8693;3;1
8694;3;1
8695;3;1
8696;3;1
8697;3;1
8698;3;1
8699;3;1
8700;3;1
8701;3;1
8702;3;1
8703;3;1
8704;3;1
8705;3;1
8706;3;1
8707;3;1
8708;3;1
8709;4;0
8710;4;0
8711;4;0
8712;4;0
8713;4;0
8714;4;0
8715;4;0
8716;4;0
8717;4;0
8718;4;0
8719;4;0
8720;4;0
8721;4;0
8722;4;0
8723;4;0
8724;4;0
8725;4;0
8726;4;0
8727;4;0
8728;4;0
8729;4;0
8730;4;0
8731;4;0
8732;4;0
8733;4;0
8734;4;0
8735;4;0
8736;4;0
8737;4;0
8738;4;0
8739;4;0
8740;4;0
8741;4;0
8742;4;0
8743;4;0
8744;4;0
8745;4;0
8746;4;0
8747;4;0
8748;4;0
8749;4;0
8750;4;0
8751;4;0
8752;4;0
8753;4;1
8754;4;1
8755;4;1
8756;4;1
8757;4;1
8758;4;1
8759;4;1
8760;4;1
8761;4;1
8762;4;1
8763;4;1
8764;4;1
8765;4;1
8766;4;1
8767;4;1
8768;4;1
8769;4;1
8770;4;1
8771;4;1
8772;3;0
8773;3;0
8774;3;0
8775;3;0
8776;3;0
8777;3;0
8778;3;0
8779;3;0
8780;3;0
8781;3;0
8782;3;0
8783;3;0
8784;3;0
8785;3;0
8786;3;0
8787;3;0
8788;3;0
8789;3;0
8790;3;0
8791;3;0
8792;3;0
8793;3;0
8794;3;0
8795;3;0
8796;3;0
8797;3;0
8798;3;0
8799;3;0
8800;3;0
8801;3;0
8802;3;0
8803;3;1
8804;3;1
8805;3;1
8806;3;1
8807;3;1
8808;3;1
8809;3;1
8810;3;1
8811;3;1
8812;3;1
8813;3;1
8814;3;1
8815;3;1
8816;3;1
8817;3;1
8818;3;1
8819;3;1
8820;3;1
8821;3;1
8822;3;1
8823;2;0
8824;2;0
8825;2;0
8826;2;0
8827;2;0
8828;2;0
8829;2;0
8830;2;0
8831;2;0
8832;2;0
8833;2;0
8834;2;0
8835;2;0
8836;2;0
8837;2;0
8838;2;0
8839;2;0
8840;2;0
8841;2;0
8842;2;0
8843;2;0
8844;2;0
8845;2;0
8846;2;0
8847;2;0
8848;2;0
8849;2;0
8850;2;0
8851;2;0
8852;2;0
8853;2;0
8854;2;0
8855;2;0
8856;2;0
8857;2;0
8858;2;0
8859;2;0
8860;2;0
8861;2;0
8862;2;0
8863;2;0
8864;2;0
8865;2;0
8866;2;0
8867;2;0
8868;2;0
8869;2;0
8870;2;0
8871;2;0
8872;2;0
8873;2;0
8874;2;0
8875;2;0
8876;2;0
8877;2;0
8878;2;0
8879;2;0
8880;2;0
8881;2;0
8882;2;0
8883;2;0
8884;2;0
8885;2;0
8886;2;0
8887;2;0
8888;2;0
8889;2;0
8890;2;0
8891;2;0
8892;2;0
8893;2;0
8894;2;0
8895;2;0
8896;2;0
8897;2;0
8898;2;0
8899;2;0
8900;2;0
8901;2;0
8902;2;0
8903;2;0
8904;2;0
8905;2;0
8906;2;0
8907;2;0
8908;2;0
8909;2;0
8910;2;0
8911;2;0
8912;2;0
8913;2;0
8914;2;0
8915;2;0
8916;2;0
8917;2;0
8918;2;0
8919;2;0
8920;2;0
8921;2;0
8922;2;0
8923;2;0
8924;2;0
8925;2;0
8926;2;0
8927;2;0
8928;2;0
8929;2;0
8930;2;0
8931;2;0
8932;2;0
8933;2;0
8934;2;0
8935;2;0
8936;2;0
8937;2;0
8938;2;0
8939;2;0
8940;2;0
8941;2;0
8942;2;0
8943;2;0
8944;2;0
8945;2;0
8946;2;0
8947;2;0
8948;2;0
8949;2;0
8950;2;0
8951;2;0
8952;2;0
8953;2;0
8954;2;0
8955;2;0
8956;2;0
8957;2;0
8958;2;0
8959;2;0
8960;2;0
8961;2;0
8962;2;0
8963;2;0
8964;2;0
8965;2;0
8966;2;0
8967;2;0
8968;2;0
8969;2;0
8970;2;0
8971;2;0
8972;2;0
8973;2;1
8974;2;1
8975;2;1
8976;2;1
8977;2;1
8978;2;1
8979;2;1
8980;2;1
8981;2;1
8982;2;1
8983;2;1
8984;2;1
8985;2;1
8986;2;1
8987;2;1
8988;2;1
8989;2;1
8990;2;1
8991;2;1
8992;2;1
8993;2;1
8994;2;1
8995;2;1
8996;3;0
8997;3;0
8998;3;0
8999;3;0
9000;3;0
9001;3;0
9002;3;0
9003;3;0
9004;3;0
9005;3;0
9006;3;0
9007;3;0
9008;3;0
9009;3;0
9010;3;0
9011;3;0
9012;3;0
9013;3;0
9014;3;0
9015;3;0
9016;3;0
9017;3;0
9018;3;0
9019;3;0
9020;3;0
9021;3;0
9022;3;0
9023;3;0
9024;3;0
9025;3;0
9026;3;0
9027;3;0
9028;3;1
9029;3;1
9030;3;1
9031;3;1
9032;3;1
9033;3;1
9034;3;1
9035;3;1
9036;3;1
9037;3;1
9038;3;1
9039;3;1
9040;3;1
9041;3;1
9042;3;1
9043;3;1
9044;3;1
9045;3;1
9046;3;1
9047;3;1
9048;3;1
9049;3;1
9050;3;1
9051;4;0
9052;4;0
9053;4;0
9054;4;0
9055;4;0
9056;4;0
9057;4;0
9058;4;0
9059;4;0
9060;4;0
9061;4;0
9062;4;0
9063;4;0
9064;4;0
9065;4;0
9066;4;0
9067;4;0
9068;4;0
9069;4;0
9070;4;0
9071;4;0
9072;4;0
9073;4;0
9074;4;0
9075;4;0
9076;4;0
9077;4;0
9078;4;0
9079;4;0
9080;4;0
9081;4;0
9082;4;0
9083;4;0
9084;4;0
9085;4;0
9086;4;0
9087;4;0
9088;4;1
9089;4;1
9090;4;1
9091;4;1
9092;4;1
9093;4;1
9094;4;1
9095;4;1
9096;4;1
9097;4;1
9098;4;1
9099;4;1
9100;4;1
9101;4;1
9102;4;1
9103;4;1
9104;4;1
9105;3;0
9106;3;0
9107;3;0
9108;3;0
9109;3;0
9110;3;0
9111;3;0
9112;3;0
9113;3;0
9114;3;0
9115;3;0
9116;3;0
9117;3;0
9118;3;0
9119;3;0
9120;3;0
9121;3;0
9122;3;0
9123;3;0
9124;3;0
9125;3;0
9126;3;0
9127;3;0
9128;3;0
9129;3;0
9130;3;0
9131;3;0
9132;3;0
9133;3;0
9134;3;0
9135;3;0
9136;3;0
9137;3;0
9138;3;0
9139;3;0
9140;3;0
9141;3;0
9142;3;0
9143;3;0
9144;3;0
9145;3;1
9146;3;1
9147;3;1
9148;3;1
9149;3;1
9150;3;1
9151;3;1
9152;3;1
9153;3;1
9154;3;1
9155;3;1
9156;3;1
9157;3;1
9158;3;1
9159;3;1
9160;3;1
9161;3;1
9162;3;1
9163;3;1
9164;3;1
9165;3;1
9166;3;1
9167;3;1
9168;3;1
9169;2;0
9170;2;0
9171;2;0
9172;2;0
9173;2;0
9174;2;0
9175;2;0
9176;2;0
9177;2;0
9178;2;0
9179;2;0
9180;2;0
9181;2;0
9182;2;0
9183;2;0
9184;2;0
9185;2;0
9186;2;0
9187;2;0
9188;2;0
9189;2;0
9190;2;0
9191;2;0
9192;2;0
9193;2;0
9194;2;0
9195;2;0
9196;2;0
9197;2;0
9198;2;0
9199;2;0
9200;2;0
9201;2;0
9202;2;0
9203;2;0
9204;2;0
9205;2;0
9206;2;0
9207;2;0
9208;2;0
9209;2;0
9210;2;0
9211;2;0
9212;2;0
9213;2;0
9214;2;0
9215;2;0
9216;2;0
9217;2;0
9218;2;0
9219;2;0
9220;2;0
9221;2;0
9222;2;0
9223;2;0
9224;2;0
9225;2;0
9226;2;0
9227;2;0
9228;2;0
9229;2;0
9230;2;0
9231;2;0
9232;2;0
9233;2;0
9234;2;0
9235;2;0
9236;2;0
9237;2;0
9238;2;0
9239;2;0
9240;2;0
9241;2;0
9242;2;0
9243;2;0
9244;2;0
9245;2;0
9246;2;1
9247;2;1
9248;2;1
9249;2;1
9250;2;1
9251;2;1
9252;2;1
9253;2;1
9254;2;1
9255;2;1
9256;2;1
9257;2;1
9258;2;1
9259;2;1
9260;1;0
9261;1;0
9262;1;0
9263;1;0
9264;1;0
9265;1;0
9266;1;0
9267;1;0
9268;1;0
9269;1;0
9270;1;0
9271;1;0
9272;1;0
9273;1;0
9274;1;0
9275;1;0
9276;1;0
9277;1;0
9278;1;0
9279;1;0
9280;1;0
9281;1;0
9282;1;0
9283;1;0
9284;1;0
9285;1;0
9286;1;0
9287;1;0
9288;1;0
9289;1;0
9290;1;0
9291;1;0
9292;1;0
9293;1;0
9294;1;0
9295;1;0
9296;1;0
9297;1;0
9298;1;0
9299;1;0
9300;1;0
9301;1;1
9302;1;1
9303;1;1
9304;1;1
9305;1;1
9306;1;1
9307;1;1
9308;1;1
9309;1;1
9310;1;1
9311;1;1
9312;1;1
9313;1;1
9314;1;1
9315;1;1
9316;1;1
9317;1;1
9318;1;1
9319;1;1
9320;1;1
9321;1;1
9322;2;0
9323;2;0
9324;2;0
9325;2;0
9326;2;0
9327;2;0
9328;2;0
9329;2;0
9330;2;0
9331;2;0
9332;2;0
9333;2;0
9334;2;0
9335;2;0
9336;2;0
9337;2;0
9338;2;0
9339;2;0
9340;2;0
9341;2;0
9342;2;0
9343;2;0
9344;2;0
9345;2;0
9346;2;0
9347;2;0
9348;2;0
9349;2;0
9350;2;0
9351;2;1
9352;2;1
9353;2;1
9354;2;1
9355;2;1
9356;2;1
9357;2;1
9358;2;1
9359;2;1
9360;2;1
9361;2;1
9362;2;1
9363;2;1
9364;2;1
9365;2;1
9366;2;1
9367;2;1
9368;2;1
9369;2;1
9370;3;0
9371;3;0
9372;3;0
9373;3;0
9374;3;0
9375;3;0
9376;3;0
9377;3;0
9378;3;0
9379;3;0
9380;3;0
9381;3;0
9382;3;0
9383;3;0
9384;3;0
9385;3;0
9386;3;0
9387;3;0
9388;3;0
9389;3;0
9390;3;0
9391;3;0
9392;3;0
9393;3;0
9394;3;0
9395;3;0
9396;3;0
9397;3;0
9398;3;0
9399;3;0
9400;3;0
9401;3;1
9402;3;1
9403;3;1
9404;3;1
9405;3;1
9406;3;1
9407;3;1
9408;3;1
9409;3;1
9410;3;1
9411;3;1
9412;3;1
9413;3;1
9414;3;1
9415;3;1
9416;3;1
9417;3;1
9418;3;1
9419;3;1
9420;3;1
9421;3;1
9422;4;0
9423;4;0
9424;4;0
9425;4;0
9426;4;0
9427;4;0
9428;4;0
9429;4;0
9430;4;0
9431;4;0
9432;4;0
9433;4;0
9434;4;0
9435;4;0
9436;4;0
9437;4;0
9438;4;0
9439;4;0
9440;4;0
9441;4;0
9442;4;0
9443;4;0
9444;4;0
9445;4;0
9446;4;0
9447;4;0
9448;4;0
9449;4;0
9450;4;0
9451;4;0
9452;4;0
9453;4;0
9454;4;0
9455;4;0
9456;4;0
9457;4;0
9458;4;0
9459;4;0
9460;4;0
9461;4;0
9462;4;0
9463;4;0
9464;4;0
9465;4;0
9466;4;0
9467;4;0
9468;4;1
9469;4;1
9470;4;1
9471;4;1
9472;4;1
9473;4;1
9474;4;1
9475;4;1
9476;4;1
9477;4;1
9478;4;1
9479;4;1
9480;4;1
9481;4;1
9482;4;1
9483;4;1
9484;3;0
9485;3;0
9486;3;0
9487;3;0
9488;3;0
9489;3;0
9490;3;0
9491;3;0
9492;3;0
9493;3;0
9494;3;0
9495;3;0
9496;3;0
9497;3;0
9498;3;0
9499;3;0
9500;3;0
9501;3;0
9502;3;0
9503;3;0
9504;3;0
9505;3;0
9506;3;0
9507;3;0
9508;3;0
9509;3;0
9510;3;0
9511;3;0
9512;3;0
9513;3;0
9514;3;0
9515;3;0
9516;3;0
9517;3;0
9518;3;0
9519;3;0
9520;3;0
9521;3;0
9522;3;0
9523;3;0
9524;3;0
9525;3;0
9526;3;0
9527;3;0
9528;3;0
9529;3;0
9530;3;0
9531;3;0
9532;3;0
9533;3;0
9534;3;0
9535;3;0
9536;3;0
9537;3;0
9538;3;0
9539;3;0
9540;3;0
9541;3;0
9542;3;0
9543;3;0
9544;3;0
9545;3;0
9546;3;0
9547;3;0
9548;3;0
9549;3;0
9550;3;0
9551;3;0
9552;3;0
9553;3;0
9554;3;0
9555;3;0
9556;3;0
9557;3;0
9558;3;0
9559;3;0
9560;3;0
9561;3;0
9562;3;0
9563;3;0
9564;3;0
9565;3;0
9566;3;0
9567;3;0
9568;3;1
9569;3;1
9570;3;1
9571;3;1
9572;3;1
9573;3;1
9574;3;1
9575;3;1
9576;3;1
9577;3;1
9578;3;1
9579;3;1
9580;3;1
9581;3;1
9582;3;1
9583;3;1
9584;3;1
9585;3;1
9586;3;1
9587;3;1
9588;3;1
9589;3;1
9590;2;0
9591;2;0
9592;2;0
9593;2;0
9594;2;0
9595;2;0
9596;2;0
9597;2;0
9598;2;0
9599;2;0
9600;2;0
9601;2;0
9602;2;0
9603;2;0
9604;2;0
9605;2;0
9606;2;0
9607;2;0
9608;2;0
9609;2;0
9610;2;0
9611;2;0
9612;2;0
9613;2;0
9614;2;0
9615;2;0
9616;2;0
9617;2;0
9618;2;0
9619;2;0
9620;2;0
9621;2;0
9622;2;0
9623;2;0
9624;2;0
9625;2;0
9626;2;0
9627;2;0
9628;2;0
9629;2;0
9630;2;0
9631;2;0
9632;2;1
9633;2;1
9634;2;1
9635;2;1
9636;2;1
9637;2;1
9638;2;1
9639;2;1
9640;2;1
9641;2;1
9642;2;1
9643;2;1
9644;2;1
9645;2;1
9646;2;1
9647;2;1
9648;1;0
9649;1;0
9650;1;0
9651;1;0
9652;1;0
9653;1;0
9654;1;0
9655;1;0
9656;1;0
9657;1;0
9658;1;0
9659;1;0
9660;1;0
9661;1;0
9662;1;0
9663;1;0
9664;1;0
9665;1;0
9666;1;0
9667;1;0
9668;1;0
9669;1;0
9670;1;0
9671;1;0
9672;1;0
9673;1;0
9674;1;0
9675;1;0
9676;1;0
9677;1;0
9678;1;0
9679;1;0
9680;1;0
9681;1;0
9682;1;1
9683;1;1
9684;1;1
9685;1;1
9686;1;1
9687;1;1
9688;1;1
9689;1;1
9690;1;1
9691;1;1
9692;1;1
9693;1;1
9694;1;1
9695;1;1
9696;1;1
9697;1;1
9698;2;0
9699;2;0
9700;2;0
9701;2;0
9702;2;0
9703;2;0
9704;2;0
9705;2;0
9706;2;0
9707;2;0
9708;2;0
9709;2;0
9710;2;0
9711;2;0
9712;2;0
9713;2;0
9714;2;0
9715;2;0
9716;2;0
9717;2;0
9718;2;0
9719;2;0
9720;2;0
9721;2;0
9722;2;0
9723;2;0
9724;2;0
9725;2;0
9726;2;0
9727;2;0
9728;2;0
9729;2;0
9730;2;0
9731;2;0
9732;2;0
9733;2;0
9734;2;0
9735;2;0
9736;2;0
9737;2;0
9738;2;0
9739;2;0
9740;2;0
9741;2;0
9742;2;0
9743;2;0
9744;2;0
9745;2;0
9746;2;0
9747;2;0
9748;2;0
9749;2;0
9750;2;0
9751;2;0
9752;2;0
9753;2;0
9754;2;0
9755;2;0
9756;2;0
9757;2;0
9758;2;0
9759;2;0
9760;2;0
9761;2;0
9762;2;0
9763;2;1
9764;2;1
9765;2;1
9766;2;1
9767;2;1
9768;2;1
9769;2;1
9770;2;1
9771;2;1
9772;2;1
9773;2;1
9774;2;1
9775;2;1
9776;2;1
9777;2;1
9778;2;1
9779;2;1
9780;2;1
9781;2;1
9782;2;1
9783;2;1
9784;2;1
9785;2;1
9786;2;1
9787;3;0
9788;3;0
9789;3;0
9790;3;0
9791;3;0
9792;3;0
9793;3;0
9794;3;0
9795;3;0
9796;3;0
9797;3;0
9798;3;0
9799;3;0
9800;3;0
9801;3;0
9802;3;0
9803;3;0
9804;3;0
9805;3;0
9806;3;0
9807;3;0
9808;3;0
9809;3;0
9810;3;0
9811;3;0
9812;3;0
9813;3;0
9814;3;0
9815;3;0
9816;3;0
9817;3;0
9818;3;0
9819;3;0
9820;3;0
9821;3;0
9822;3;0
9823;3;0
9824;3;0
9825;3;0
9826;3;1
9827;3;1
9828;3;1
9829;3;1
9830;3;1
9831;3;1
9832;3;1
9833;3;1
9834;3;1
9835;2;0
9836;2;0
9837;2;0
9838;2;0
9839;2;0
9840;2;0
9841;2;0
9842;2;0
9843;2;0
9844;2;0
9845;2;0
9846;2;0
9847;2;0
9848;2;0
9849;2;0
9850;2;0
9851;2;0
9852;2;0
9853;2;0
9854;2;0
9855;2;0
9856;2;0
9857;2;0
9858;2;0
9859;2;0
9860;2;0
9861;2;0
9862;2;0
9863;2;0
9864;2;0
9865;2;0
9866;2;0
9867;2;0
9868;2;0
9869;2;1
9870;2;1
9871;2;1
9872;2;1
9873;2;1
9874;2;1
9875;2;1
9876;2;1
9877;2;1
9878;2;1
9879;2;1
9880;2;1
9881;2;1
9882;2;1
9883;2;1
9884;2;1
9885;2;1
9886;2;1
9887;2;1
9888;1;0
9889;1;0
9890;1;0
9891;1;0
9892;1;0
9893;1;0
9894;1;0
9895;1;0
9896;1;0
9897;1;0
9898;1;0
9899;1;0
9900;1;0
9901;1;0
9902;1;0
9903;1;0
9904;1;0
9905;1;0
9906;1;0
9907;1;0
9908;1;0
9909;1;0
9910;1;0
9911;1;0
9912;1;0
9913;1;0
9914;1;0
9915;1;0
9916;1;0
9917;1;0
9918;1;0
9919;1;0
9920;1;0
9921;1;0
9922;1;0
9923;1;0
9924;1;0
9925;1;0
9926;1;1
9927;1;1
9928;1;1
9929;1;1
9930;1;1
9931;1;1
9932;1;1
9933;1;1
9934;1;1
9935;1;1
9936;1;1
9937;1;1
9938;1;1
9939;1;1
9940;1;1
9941;1;1
9942;1;1
9943;1;1
9944;1;1
9945;1;1
9946;1;1
9947;1;1
9948;2;0
9949;2;0
9950;2;0
9951;2;0
9952;2;0
9953;2;0
9954;2;0
9955;2;0
9956;2;0
9957;2;0
9958;2;0
9959;2;0
9960;2;0
9961;2;0
9962;2;0
9963;2;0
9964;2;0
9965;2;0
9966;2;0
9967;2;0
9968;2;0
9969;2;0
9970;2;0
9971;2;0
9972;2;0
9973;2;0
9974;2;0
9975;2;0
9976;2;0
9977;2;0
9978;2;0
9979;2;0
9980;2;0
9981;2;0
9982;2;0
9983;2;0
9984;2;0
9985;2;0
9986;2;0
9987;2;0
9988;2;0
9989;2;0
9990;2;0
9991;2;0
9992;2;0
9993;2;0
9994;2;0
9995;2;0
9996;2;0
9997;2;0
9998;2;0
9999;2;0
10000;2;0
10001;2;0
10002;2;0
10003;2;0
10004;2;0
10005;2;0
10006;2;0
10007;2;0
10008;2;0
10009;2;0
10010;2;0
10011;2;0
10012;2;0
10013;2;0
10014;2;0
10015;2;0
10016;2;0
10017;2;0
10018;2;0
10019;2;0
10020;2;0
10021;2;1
10022;2;1
10023;2;1
10024;2;1
10025;2;1
10026;2;1
10027;2;1
10028;2;1
10029;2;1
10030;2;1
10031;2;1
10032;2;1
10033;2;1
10034;2;1
10035;2;1
10036;2;1
10037;2;1
10038;2;1
10039;2;1
10040;2;1
10041;2;1
10042;2;1
10043;2;1
10044;2;1
10045;2;1
10046;2;1
10047;2;1
10048;2;1
10049;2;1
10050;2;1
10051;2;1
10052;2;1
10053;2;1
10054;2;1
10055;2;1
10056;2;1
10057;3;0
10058;3;0
10059;3;0
10060;3;0
10061;3;0
10062;3;0
10063;3;0
10064;3;0
10065;3;0
10066;3;0
10067;3;0
10068;3;0
10069;3;0
10070;3;0
10071;3;0
10072;3;0
10073;3;0
10074;3;0
10075;3;0
10076;3;0
10077;3;0
10078;3;0
10079;3;0
10080;3;0
10081;3;0
10082;3;0
10083;3;0
10084;3;0
10085;3;0
10086;3;0
10087;3;0
10088;3;0
10089;3;0
10090;3;0
10091;3;0
10092;3;0
10093;3;0
10094;3;0
10095;3;0
10096;3;0
10097;3;0
10098;3;0
10099;3;0
10100;3;0
10101;3;0
10102;3;0
10103;3;0
10104;3;0
10105;3;0
10106;3;0
10107;3;0
10108;3;0
10109;3;0
10110;3;0
10111;3;0
10112;3;0
10113;3;0
10114;3;0
10115;3;0
10116;3;0
10117;3;0
10118;3;0
10119;3;0
10120;3;0
10121;3;0
10122;3;0
10123;3;0
10124;3;0
10125;3;0
10126;3;0
10127;3;0
10128;3;0
10129;3;0
10130;3;0
10131;3;0
10132;3;0
10133;3;0
10134;3;0
10135;3;0
10136;3;0
10137;3;0
10138;3;0
10139;3;0
10140;3;0
10141;3;0
10142;3;0
10143;3;0
10144;3;0
10145;3;0
10146;3;0
10147;3;0
10148;3;0
10149;3;0
10150;3;0
10151;3;0
10152;3;0
10153;3;0
10154;3;0
10155;3;0
10156;3;0
10157;3;0
10158;3;0
10159;3;0
10160;3;0
10161;3;0
10162;3;0
10163;3;0
10164;3;0
10165;3;0
10166;3;0
10167;3;0
10168;3;0
10169;3;0
10170;3;0
10171;3;0
10172;3;0
10173;3;0
10174;3;0
10175;3;0
10176;3;0
10177;3;0
10178;3;0
10179;3;0
10180;3;0
10181;3;0
10182;3;0
10183;3;0
10184;3;0
10185;3;0
10186;3;0
10187;3;0
10188;3;0
10189;3;0
