1;1;0
2;1;0
3;1;0
4;1;0
5;1;0
6;1;0
7;1;0
8;1;0
9;1;0
10;1;0
11;1;0
12;1;0
13;1;0
14;1;0
15;1;0
16;1;0
17;1;0
18;1;0
19;1;0
20;1;0
21;1;0
22;1;0
23;1;0
24;1;1
25;1;1
26;1;1
27;1;1
28;1;1
29;1;1
30;1;1
31;1;1
32;1;1
33;1;1
34;1;1
35;1;1
36;1;1
37;1;1
38;1;1
39;2;0
40;2;0
41;2;0
42;2;0
43;2;0
44;2;0
45;2;0
46;2;0
47;2;0
48;2;0
49;2;0
50;2;0
51;2;0
52;2;0
53;2;0
54;2;0
55;2;0
56;2;0
57;2;0
58;2;0
59;2;0
60;2;0
61;2;0
62;2;0
63;2;0
64;2;0
65;2;0
66;2;0
67;2;0
68;2;0
69;2;0
70;2;0
71;2;0
72;2;0
73;2;0
74;2;0
75;2;0
76;2;0
77;2;0
78;2;0
79;2;0
80;2;0
81;2;0
82;2;0
83;2;0
84;2;0
85;2;0
86;2;0
87;2;0
88;2;0
89;2;1
90;2;1
91;2;1
92;2;1
93;2;1
94;2;1
95;2;1
96;2;1
97;2;1
98;2;1
99;2;1
100;2;1
101;2;1
102;3;0
103;3;0
104;3;0
105;3;0
106;3;0
107;3;0
108;3;0
109;3;0
110;3;0
111;3;0
112;3;0
113;3;0
114;3;0
115;3;0
116;3;0
117;3;0
118;3;0
119;3;0
120;3;0
121;3;0
122;3;0
123;3;0
124;3;0
125;3;0
126;3;0
127;3;0
128;3;0
129;3;0
130;3;0
131;3;0
132;3;0
133;3;0
134;3;0
135;3;0
136;3;0
137;3;0
138;3;0
139;3;0
140;3;0
141;3;0
142;3;0
143;3;0
144;3;1
145;3;1
146;3;1
147;3;1
148;3;1
149;3;1
150;3;1
151;3;1
152;3;1
153;3;1
154;3;1
155;3;1
156;3;1
157;3;1
158;3;1
159;3;1
160;3;1
161;3;1
162;3;1
163;3;1
164;4;0
165;4;0
166;4;0
167;4;0
168;4;0
169;4;0
170;4;0
171;4;0
172;4;0
173;4;0
174;4;0
175;4;0
176;4;0
177;4;0
178;4;0
179;4;0
180;4;0
181;4;0
182;4;0
183;4;0
184;4;0
185;4;0
186;4;0
187;4;0
188;4;0
189;4;0
190;4;0
191;4;0
192;4;0
193;4;0
194;4;0
195;4;0
196;4;0
197;4;0
198;4;0
199;4;0
200;4;0
201;4;0
202;4;0
203;4;0
204;4;0
205;4;0
206;4;0
207;4;0
208;4;0
209;4;0
210;4;0
211;4;0
212;4;0
213;4;0
214;4;0
215;4;0
216;4;0
217;4;0
218;4;0
219;4;0
220;4;0
221;4;0
222;4;0
223;4;0
224;4;0
225;4;0
226;4;0
227;4;0
228;4;0
229;4;0
230;4;0
231;4;0
232;4;0
233;4;0
234;4;0
235;4;0
236;4;0
237;4;0
238;4;0
239;4;0
240;4;0
241;4;0
242;4;0
243;4;0
244;4;0
245;4;0
246;4;0
247;4;0
248;4;0
249;4;0
250;4;0
251;4;0
252;4;0
253;4;0
254;4;0
255;4;0
256;4;0
257;4;0
258;4;0
259;4;0
260;4;0
261;4;0
262;4;0
263;4;0
264;4;0
265;4;0
266;4;0
267;4;0
268;4;1
269;4;1
270;4;1
271;4;1
272;4;1
273;4;1
274;4;1
275;4;1
276;4;1
277;4;1
278;4;1
279;4;1
280;4;1
281;4;1
282;4;1
283;4;1
284;4;1
285;4;1
286;4;1
287;4;1
288;4;1
289;4;1
290;4;1
291;4;1
292;4;1
293;4;1
294;4;1
295;4;1
296;4;1
297;4;1
298;4;1
299;4;1
300;4;1
301;3;0
302;3;0
303;3;0
304;3;0
305;3;0
306;3;0
307;3;0
308;3;0
309;3;0
310;3;0
311;3;0
312;3;0
313;3;0
314;3;0
315;3;0
316;3;0
317;3;0
318;3;0
319;3;0
320;3;0
321;3;0
322;3;0
323;3;0
324;3;0
325;3;0
326;3;0
327;3;0
328;3;0
329;3;0
330;3;0
331;3;0
332;3;0
333;3;0
334;3;0
335;3;0
336;3;0
337;3;0
338;3;0
339;3;0
340;3;0
341;3;0
342;3;0
343;3;0
344;3;0
345;3;0
346;3;0
347;3;0
348;3;0
349;3;0
350;3;0
351;3;0
352;3;0
353;3;0
354;3;0
355;3;0
356;3;0
357;3;0
358;3;0
359;3;1
360;3;1
361;3;1
362;3;1
363;3;1
364;3;1
365;3;1
366;3;1
367;3;1
368;3;1
369;3;1
370;3;1
371;3;1
372;3;1
373;3;1
374;3;1
375;2;0
376;2;0
377;2;0
378;2;0
379;2;0
380;2;0
381;2;0
382;2;0
383;2;0
384;2;0
385;2;0
386;2;0
387;2;0
388;2;0
389;2;0
390;2;0
391;2;0
392;2;0
393;2;0
394;2;0
395;2;0
396;2;0
397;2;0
398;2;0
399;2;0
400;2;0
401;2;0
402;2;0
403;2;0
404;2;0
405;2;0
406;2;0
407;2;0
408;2;0
409;2;0
410;2;0
411;2;0
412;2;0
413;2;0
414;2;0
415;2;0
416;2;0
417;2;0
418;2;0
419;2;0
420;2;0
421;2;0
422;2;0
423;2;0
424;2;0
425;2;0
426;2;0
427;2;0
428;2;0
429;2;0
430;2;0
431;2;0
432;2;0
433;2;0
434;2;0
435;2;0
436;2;0
437;2;0
438;2;0
439;2;0
440;2;0
441;2;0
442;2;0
443;2;0
444;2;0
445;2;0
446;2;0
447;2;0
448;2;0
449;2;0
450;2;0
451;2;0
452;2;0
453;2;0
454;2;0
455;2;0
456;2;0
457;2;0
458;2;0
459;2;0
460;2;0
461;2;0
462;2;0
463;2;0
464;2;0
465;2;0
466;2;0
467;2;0
468;2;0
469;2;0
470;2;0
471;2;0
472;2;0
473;2;0
474;2;0
475;2;0
476;2;0
477;2;0
478;2;0
479;2;0
480;2;0
481;2;0
482;2;0
483;2;0
484;2;0
485;2;0
486;2;0
487;2;0
488;2;0
489;2;0
490;2;0
491;2;0
492;2;0
493;2;0
494;2;0
495;2;0
496;2;0
497;2;0
498;2;0
499;2;0
500;2;0
501;2;0
502;2;0
503;2;0
504;2;0
505;2;0
506;2;0
507;2;0
508;2;0
509;2;0
510;2;0
511;2;0
512;2;0
513;2;0
514;2;0
515;2;0
516;2;0
517;2;0
518;2;0
519;2;1
520;2;1
521;2;1
522;2;1
523;2;1
524;2;1
525;2;1
526;2;1
527;2;1
528;2;1
529;2;1
530;2;1
531;2;1
532;2;1
533;2;1
534;2;1
535;2;1
536;2;1
537;2;1
538;2;1
539;2;1
540;2;1
541;3;0
542;3;0
543;3;0
544;3;0
545;3;0
546;3;0
547;3;0
548;3;0
549;3;0
550;3;0
551;3;0
552;3;0
553;3;0
554;3;0
555;3;0
556;3;0
557;3;0
558;3;0
559;3;0
560;3;0
561;3;0
562;3;0
563;3;0
564;3;0
565;3;0
566;3;0
567;3;0
568;3;0
569;3;0
570;3;0
571;3;0
572;3;0
573;3;0
574;3;0
575;3;0
576;3;0
577;3;0
578;3;0
579;3;0
580;3;0
581;3;0
582;3;0
583;3;0
584;3;0
585;3;0
586;3;0
587;3;0
588;3;0
589;3;0
590;3;0
591;3;0
592;3;0
593;3;0
594;3;0
595;3;0
596;3;0
597;3;0
598;3;0
599;3;0
600;3;0
601;3;0
602;3;0
603;3;0
604;3;0
605;3;0
606;3;0
607;3;0
608;3;0
609;3;0
610;3;0
611;3;0
612;3;0
613;3;0
614;3;0
615;3;0
616;3;0
617;3;0
618;3;0
619;3;0
620;3;0
621;3;0
622;3;0
623;3;0
624;3;0
625;3;0
626;3;0
627;3;0
628;3;0
629;3;0
630;3;0
631;3;0
632;3;0
633;3;0
634;3;0
635;3;0
636;3;0
637;3;0
638;3;0
639;3;0
640;3;0
641;3;0
642;3;0
643;3;0
644;3;0
645;3;0
646;3;1
647;3;1
648;3;1
649;3;1
650;3;1
651;3;1
652;3;1
653;3;1
654;3;1
655;3;1
656;3;1
657;3;1
658;3;1
659;3;1
660;3;1
661;3;1
662;3;1
663;3;1
664;4;0
665;4;0
666;4;0
667;4;0
668;4;0
669;4;0
670;4;0
671;4;0
672;4;0
673;4;0
674;4;0
675;4;0
676;4;0
677;4;0
678;4;0
679;4;0
680;4;0
681;4;0
682;4;0
683;4;0
684;4;0
685;4;0
686;4;0
687;4;0
688;4;0
689;4;0
690;4;0
691;4;0
692;4;0
693;4;0
694;4;0
695;4;0
696;4;0
697;4;0
698;4;0
699;4;0
700;4;0
701;4;0
702;4;0
703;4;0
704;4;0
705;4;0
706;4;0
707;4;0
708;4;0
709;4;0
710;4;1
711;4;1
712;4;1
713;4;1
714;4;1
715;4;1
716;4;1
717;4;1
718;4;1
719;4;1
720;4;1
721;4;1
722;4;1
723;4;1
724;4;1
725;4;1
726;4;1
727;4;1
728;4;1
729;4;1
730;4;1
731;4;1
732;4;1
733;4;1
734;4;1
735;3;0
736;3;0
737;3;0
738;3;0
739;3;0
740;3;0
741;3;0
742;3;0
743;3;0
744;3;0
745;3;0
746;3;0
747;3;0
748;3;0
749;3;0
750;3;0
751;3;0
752;3;0
753;3;0
754;3;0
755;3;0
756;3;0
757;3;0
758;3;0
759;3;0
760;3;0
761;3;0
762;3;0
763;3;0
764;3;0
765;3;0
766;3;0
767;3;0
768;3;0
769;3;0
770;3;0
771;3;0
772;3;0
773;3;0
774;3;0
775;3;0
776;3;0
777;3;0
778;3;0
779;3;0
780;3;0
781;3;1
782;3;1
783;3;1
784;3;1
785;3;1
786;3;1
787;3;1
788;3;1
789;3;1
790;3;1
791;3;1
792;2;0
793;2;0
794;2;0
795;2;0
796;2;0
797;2;0
798;2;0
799;2;0
800;2;0
801;2;0
802;2;0
803;2;0
804;2;0
805;2;0
806;2;0
807;2;0
808;2;0
809;2;0
810;2;0
811;2;0
812;2;0
813;2;0
814;2;0
815;2;0
816;2;0
817;2;0
818;2;0
819;2;0
820;2;0
821;2;0
822;2;0
823;2;0
824;2;0
825;2;0
826;2;0
827;2;0
828;2;0
829;2;0
830;2;0
831;2;0
832;2;0
833;2;0
834;2;0
835;2;0
836;2;1
837;2;1
838;2;1
839;2;1
840;2;1
841;2;1
842;2;1
843;2;1
844;2;1
845;2;1
846;2;1
847;2;1
848;2;1
849;2;1
850;2;1
851;2;1
852;2;1
853;2;1
854;2;1
855;2;1
856;1;0
857;1;0
858;1;0
859;1;0
860;1;0
861;1;0
862;1;0
863;1;0
864;1;0
865;1;0
866;1;0
867;1;0
868;1;0
869;1;0
870;1;0
871;1;0
872;1;0
873;1;0
874;1;0
875;1;0
876;1;0
877;1;0
878;1;0
879;1;0
880;1;0
881;1;0
882;1;0
883;1;0
884;1;0
885;1;0
886;1;0
887;1;0
888;1;0
889;1;0
890;1;0
891;1;0
892;1;0
893;1;0
894;1;0
895;1;0
896;1;0
897;1;0
898;1;0
899;1;0
900;1;0
901;1;0
902;1;0
903;1;0
904;1;0
905;1;0
906;1;0
907;1;0
908;1;0
909;1;0
910;1;0
911;1;0
912;1;0
913;1;0
914;1;0
915;1;0
916;1;0
917;1;0
918;1;0
919;1;0
920;1;0
921;1;0
922;1;0
923;1;0
924;1;0
925;1;0
926;1;0
927;1;0
928;1;0
929;1;0
930;1;0
931;1;0
932;1;0
933;1;0
934;1;0
935;1;0
936;1;0
937;1;0
938;1;0
939;1;0
940;1;0
941;1;0
942;1;0
943;1;0
944;1;0
945;1;0
946;1;0
947;1;0
948;1;0
949;1;0
950;1;0
951;1;0
952;1;0
953;1;0
954;1;0
955;1;0
956;1;0
957;1;0
958;1;0
959;1;0
960;1;0
961;1;0
962;1;0
963;1;0
964;1;1
965;1;1
966;1;1
967;1;1
968;1;1
969;1;1
970;1;1
971;1;1
972;1;1
973;1;1
974;1;1
975;1;1
976;1;1
977;1;1
978;1;1
979;1;1
980;1;1
981;1;1
982;1;1
983;1;1
984;2;0
985;2;0
986;2;0
987;2;0
988;2;0
989;2;0
990;2;0
991;2;0
992;2;0
993;2;0
994;2;0
995;2;0
996;2;0
997;2;0
998;2;0
999;2;0
1000;2;0
1001;2;0
1002;2;0
1003;2;0
1004;2;0
1005;2;0
1006;2;0
1007;2;0
1008;2;0
1009;2;0
1010;2;0
1011;2;0
1012;2;0
1013;2;0
1014;2;0
1015;2;0
1016;2;0
1017;2;0
1018;2;0
1019;2;0
1020;2;0
1021;2;0
1022;2;0
1023;2;0
1024;2;0
1025;2;0
1026;2;0
1027;2;0
1028;2;0
1029;2;0
1030;2;0
1031;2;0
1032;2;0
1033;2;0
1034;2;0
1035;2;0
1036;2;0
1037;2;0
1038;2;0
1039;2;0
1040;2;0
1041;2;0
1042;2;0
1043;2;0
1044;2;0
1045;2;0
1046;2;0
1047;2;0
1048;2;0
1049;2;0
1050;2;0
1051;2;0
1052;2;0
1053;2;0
1054;2;0
1055;2;0
1056;2;0
1057;2;0
1058;2;0
1059;2;0
1060;2;0
1061;2;0
1062;2;0
1063;2;0
1064;2;0
1065;2;0
1066;2;0
1067;2;0
1068;2;0
1069;2;0
1070;2;0
1071;2;0
1072;2;0
1073;2;0
1074;2;0
1075;2;0
1076;2;0
1077;2;0
1078;2;0
1079;2;0
1080;2;0
1081;2;0
1082;2;0
1083;2;0
1084;2;0
1085;2;0
1086;2;0
1087;2;0
1088;2;0
1089;2;0
1090;2;0
1091;2;0
1092;2;0
1093;2;0
1094;2;0
1095;2;0
1096;2;0
1097;2;0
1098;2;0
1099;2;0
1100;2;0
1101;2;0
1102;2;0
1103;2;1
1104;2;1
1105;2;1
1106;2;1
1107;2;1
1108;2;1
1109;2;1
1110;2;1
1111;2;1
1112;2;1
1113;2;1
1114;2;1
1115;2;1
1116;2;1
1117;2;1
1118;1;0
1119;1;0
1120;1;0
1121;1;0
1122;1;0
1123;1;0
1124;1;0
1125;1;0
1126;1;0
1127;1;0
1128;1;0
1129;1;0
1130;1;0
1131;1;0
1132;1;0
1133;1;0
1134;1;0
1135;1;0
1136;1;0
1137;1;0
1138;1;0
1139;1;0
1140;1;0
1141;1;0
1142;1;0
1143;1;0
1144;1;0
1145;1;0
1146;1;0
1147;1;0
1148;1;0
1149;1;0
1150;1;0
1151;1;0
1152;1;0
1153;1;0
1154;1;0
1155;1;0
1156;1;0
1157;1;0
1158;1;0
1159;1;0
1160;1;0
1161;1;0
1162;1;0
1163;1;0
1164;1;0
1165;1;0
1166;1;0
1167;1;0
1168;1;0
1169;1;0
1170;1;0
1171;1;0
1172;1;0
1173;1;0
1174;1;0
1175;1;0
1176;1;0
1177;1;0
1178;1;0
1179;1;0
1180;1;0
1181;1;0
1182;1;0
1183;1;0
1184;1;0
1185;1;0
1186;1;0
1187;1;0
1188;1;0
1189;1;0
1190;1;0
1191;1;0
1192;1;0
1193;1;0
1194;1;0
1195;1;0
1196;1;0
1197;1;0
1198;1;0
1199;1;0
1200;1;0
1201;1;0
1202;1;0
1203;1;0
1204;1;0
1205;1;0
1206;1;0
1207;1;0
1208;1;0
1209;1;0
1210;1;0
1211;1;0
1212;1;0
1213;1;0
1214;1;0
1215;1;0
1216;1;0
1217;1;0
1218;1;0
1219;1;0
1220;1;0
1221;1;0
1222;1;0
1223;1;0
1224;1;0
1225;1;0
1226;1;0
1227;1;0
1228;1;0
1229;1;0
1230;1;0
1231;1;0
1232;1;0
1233;1;0
1234;1;0
1235;1;0
1236;1;0
1237;1;0
1238;1;0
1239;1;0
1240;1;0
1241;1;0
1242;1;0
1243;1;0
1244;1;0
1245;1;0
1246;1;0
1247;1;0
1248;1;0
1249;1;0
1250;1;0
1251;1;0
1252;1;0
1253;1;0
1254;1;0
1255;1;0
1256;1;0
1257;1;0
1258;1;0
1259;1;0
1260;1;0
1261;1;0
1262;1;0
1263;1;0
1264;1;0
1265;1;0
1266;1;0
1267;1;0
1268;1;0
1269;1;0
1270;1;0
1271;1;0
1272;1;0
1273;1;0
1274;1;0
1275;1;0
1276;1;0
1277;1;0
1278;1;0
1279;1;0
1280;1;0
1281;1;0
1282;1;0
1283;1;0
1284;1;0
1285;1;0
1286;1;0
1287;1;0
1288;1;0
1289;1;0
1290;1;0
1291;1;0
1292;1;0
1293;1;0
1294;1;0
1295;1;0
1296;1;0
1297;1;0
1298;1;0
1299;1;0
1300;1;0
1301;1;0
1302;1;0
1303;1;0
1304;1;0
1305;1;0
1306;1;0
1307;1;1
1308;1;1
1309;1;1
1310;1;1
1311;1;1
1312;1;1
1313;1;1
1314;1;1
1315;1;1
1316;1;1
1317;1;1
1318;1;1
1319;1;1
1320;1;1
1321;1;1
1322;1;1
1323;1;1
1324;1;1
1325;1;1
1326;1;1
1327;1;1
1328;1;1
1329;1;1
1330;1;1
1331;1;1
1332;1;1
1333;1;1
1334;1;1
1335;2;0
1336;2;0
1337;2;0
1338;2;0
1339;2;0
1340;2;0
1341;2;0
1342;2;0
1343;2;0
1344;2;0
1345;2;0
1346;2;0
1347;2;0
1348;2;0
1349;2;0
1350;2;0
1351;2;0
1352;2;0
1353;2;0
1354;2;0
1355;2;0
1356;2;0
1357;2;0
1358;2;0
1359;2;0
1360;2;0
1361;2;0
1362;2;0
1363;2;1
1364;2;1
1365;2;1
1366;2;1
1367;2;1
1368;2;1
1369;2;1
1370;2;1
1371;2;1
1372;2;1
1373;2;1
1374;3;0
1375;3;0
1376;3;0
1377;3;0
1378;3;0
1379;3;0
1380;3;0
1381;3;0
1382;3;0
1383;3;0
1384;3;0
1385;3;0
1386;3;0
1387;3;0
1388;3;0
1389;3;0
1390;3;0
1391;3;0
1392;3;0
1393;3;0
1394;3;0
1395;3;0
1396;3;0
1397;3;0
1398;3;0
1399;3;0
1400;3;0
1401;3;0
1402;3;0
1403;3;0
1404;3;0
1405;3;0
1406;3;0
1407;3;0
1408;3;0
1409;3;0
1410;3;0
1411;3;0
1412;3;0
1413;3;0
1414;3;0
1415;3;0
1416;3;0
1417;3;0
1418;3;0
1419;3;0
1420;3;0
1421;3;0
1422;3;0
1423;3;0
1424;3;0
1425;3;0
1426;3;0
1427;3;0
1428;3;0
1429;3;0
1430;3;0
1431;3;0
1432;3;0
1433;3;0
1434;3;0
1435;3;0
1436;3;0
1437;3;0
1438;3;1
1439;3;1
1440;3;1
1441;3;1
1442;3;1
1443;3;1
1444;3;1
1445;3;1
1446;3;1
1447;3;1
1448;3;1
1449;3;1
1450;3;1
1451;3;1
1452;3;1
1453;3;1
1454;3;1
1455;3;1
1456;3;1
1457;3;1
1458;2;0
1459;2;0
1460;2;0
1461;2;0
1462;2;0
1463;2;0
1464;2;0
1465;2;0
1466;2;0
1467;2;0
1468;2;0
1469;2;0
1470;2;0
1471;2;0
1472;2;0
1473;2;0
1474;2;0
1475;2;0
1476;2;0
1477;2;0
1478;2;0
1479;2;0
1480;2;0
1481;2;0
1482;2;0
1483;2;0
1484;2;0
1485;2;0
1486;2;0
1487;2;0
1488;2;0
1489;2;0
1490;2;0
1491;2;0
1492;2;0
1493;2;0
1494;2;0
1495;2;0
1496;2;0
1497;2;0
1498;2;0
1499;2;0
1500;2;0
1501;2;0
1502;2;0
1503;2;0
1504;2;0
1505;2;0
1506;2;0
1507;2;0
1508;2;0
1509;2;0
1510;2;0
1511;2;0
1512;2;0
1513;2;0
1514;2;0
1515;2;0
1516;2;0
1517;2;0
1518;2;0
1519;2;0
1520;2;0
1521;2;0
1522;2;0
1523;2;0
1524;2;0
1525;2;0
1526;2;0
1527;2;0
1528;2;0
1529;2;0
1530;2;0
1531;2;0
1532;2;0
1533;2;0
1534;2;0
1535;2;0
1536;2;1
1537;2;1
1538;2;1
1539;2;1
1540;2;1
1541;2;1
1542;2;1
1543;2;1
1544;2;1
1545;2;1
1546;2;1
1547;2;1
1548;2;1
1549;1;0
1550;1;0
1551;1;0
1552;1;0
1553;1;0
1554;1;0
1555;1;0
1556;1;0
1557;1;0
1558;1;0
1559;1;0
1560;1;0
1561;1;0
1562;1;0
1563;1;0
1564;1;0
1565;1;0
1566;1;0
1567;1;0
1568;1;0
1569;1;0
1570;1;0
1571;1;0
1572;1;0
1573;1;0
1574;1;0
1575;1;0
1576;1;0
1577;1;0
1578;1;0
1579;1;0
1580;1;0
1581;1;0
1582;1;0
1583;1;0
1584;1;0
1585;1;0
1586;1;0
1587;1;0
1588;1;0
1589;1;0
1590;1;0
1591;1;0
1592;1;0
1593;1;0
1594;1;0
1595;1;0
1596;1;0
1597;1;0
1598;1;0
1599;1;0
1600;1;0
1601;1;0
1602;1;0
1603;1;0
1604;1;0
1605;1;0
1606;1;0
1607;1;0
1608;1;0
1609;1;0
1610;1;0
1611;1;0
1612;1;0
1613;1;0
1614;1;0
1615;1;0
1616;1;0
1617;1;0
1618;1;0
1619;1;0
1620;1;0
1621;1;0
1622;1;0
1623;1;0
1624;1;0
1625;1;0
1626;1;0
1627;1;0
1628;1;0
1629;1;0
1630;1;0
1631;1;0
1632;1;0
1633;1;0
1634;1;0
1635;1;0
1636;1;0
1637;1;0
1638;1;0
1639;1;0
1640;1;0
1641;1;0
1642;1;0
1643;1;0
1644;1;0
1645;1;0
1646;1;0
1647;1;0
1648;1;0
1649;1;0
1650;1;0
1651;1;0
1652;1;0
1653;1;0
1654;1;0
1655;1;0
1656;1;0
1657;1;0
1658;1;0
1659;1;0
1660;1;0
1661;1;0
1662;1;0
1663;1;0
1664;1;0
1665;1;0
1666;1;0
1667;1;0
1668;1;0
1669;1;0
1670;1;0
1671;1;0
1672;1;0
1673;1;0
1674;1;0
1675;1;0
1676;1;0
1677;1;0
1678;1;0
1679;1;0
1680;1;0
1681;1;0
1682;1;0
1683;1;0
1684;1;0
1685;1;0
1686;1;0
1687;1;0
1688;1;0
1689;1;0
1690;1;0
1691;1;0
1692;1;0
1693;1;0
1694;1;0
1695;1;0
1696;1;0
1697;1;0
1698;1;0
1699;1;0
1700;1;0
1701;1;0
1702;1;0
1703;1;0
1704;1;0
1705;1;0
1706;1;0
1707;1;0
1708;1;0
1709;1;0
1710;1;0
1711;1;0
1712;1;0
1713;1;0
1714;1;0
1715;1;0
1716;1;0
1717;1;0
1718;1;0
1719;1;0
1720;1;0
1721;1;0
1722;1;0
1723;1;0
1724;1;0
1725;1;0
1726;1;0
1727;1;0
1728;1;0
1729;1;0
1730;1;0
1731;1;0
1732;1;0
1733;1;0
1734;1;0
1735;1;0
1736;1;0
1737;1;0
1738;1;0
1739;1;0
1740;1;0
1741;1;0
1742;1;0
1743;1;0
1744;1;0
1745;1;0
1746;1;0
1747;1;0
1748;1;0
1749;1;0
1750;1;0
1751;1;0
1752;1;0
1753;1;0
1754;1;0
1755;1;0
1756;1;0
1757;1;0
1758;1;0
1759;1;0
1760;1;0
1761;1;0
1762;1;0
1763;1;0
1764;1;0
1765;1;0
1766;1;0
1767;1;0
1768;1;0
1769;1;0
1770;1;0
1771;1;0
1772;1;0
1773;1;0
1774;1;0
1775;1;0
1776;1;0
1777;1;0
1778;1;0
1779;1;0
1780;1;0
1781;1;0
1782;1;0
1783;1;0
1784;1;0
1785;1;0
1786;1;0
1787;1;0
1788;1;0
1789;1;0
1790;1;0
1791;1;0
1792;1;0
1793;1;0
1794;1;0
1795;1;0
1796;1;0
1797;1;0
1798;1;0
1799;1;0
1800;1;0
1801;1;0
1802;1;0
1803;1;0
1804;1;0
1805;1;0
1806;1;0
1807;1;0
1808;1;0
1809;1;0
1810;1;0
1811;1;0
1812;1;0
1813;1;0
1814;1;0
1815;1;0
1816;1;0
1817;1;0
1818;1;0
1819;1;0
1820;1;0
1821;1;0
1822;1;0
1823;1;0
1824;1;0
1825;1;0
1826;1;0
1827;1;0
1828;1;0
1829;1;0
1830;1;0
1831;1;0
1832;1;0
1833;1;0
1834;1;0
1835;1;0
1836;1;0
1837;1;0
1838;1;0
1839;1;0
1840;1;0
1841;1;0
1842;1;0
1843;1;0
1844;1;0
1845;1;0
1846;1;0
1847;1;0
1848;1;0
1849;1;0
1850;1;0
1851;1;0
1852;1;0
1853;1;0
1854;1;0
1855;1;0
1856;1;0
1857;1;0
1858;1;0
1859;1;0
1860;1;0
1861;1;0
1862;1;0
1863;1;0
1864;1;0
1865;1;0
1866;1;0
1867;1;0
1868;1;0
1869;1;0
1870;1;0
1871;1;0
1872;1;0
1873;1;0
1874;1;0
1875;1;0
1876;1;0
1877;1;0
1878;1;0
1879;1;0
1880;1;0
1881;1;0
1882;1;0
1883;1;0
1884;1;0
1885;1;0
1886;1;0
1887;1;0
1888;1;0
1889;1;0
1890;1;0
1891;1;0
1892;1;0
1893;1;0
1894;1;0
1895;1;0
1896;1;0
1897;1;0
1898;1;0
1899;1;0
1900;1;0
1901;1;0
1902;1;0
1903;1;0
1904;1;0
1905;1;0
1906;1;0
1907;1;0
1908;1;0
1909;1;0
1910;1;0
1911;1;0
1912;1;0
1913;1;0
1914;1;0
1915;1;0
1916;1;0
1917;1;0
1918;1;0
1919;1;0
1920;1;0
1921;1;0
1922;1;0
1923;1;0
1924;1;0
1925;1;0
1926;1;0
1927;1;0
1928;1;0
1929;1;0
1930;1;0
1931;1;0
1932;1;0
1933;1;0
1934;1;0
1935;1;0
1936;1;0
1937;1;0
1938;1;0
1939;1;0
1940;1;0
1941;1;0
1942;1;0
1943;1;0
1944;1;0
1945;1;0
1946;1;0
1947;1;0
1948;1;0
1949;1;0
1950;1;0
1951;1;0
1952;1;0
1953;1;0
1954;1;0
1955;1;0
1956;1;0
1957;1;0
1958;1;0
1959;1;0
1960;1;0
1961;1;0
1962;1;0
1963;1;0
1964;1;0
1965;1;0
1966;1;0
1967;1;0
1968;1;0
1969;1;0
1970;1;0
1971;1;0
1972;1;0
1973;1;0
1974;1;0
1975;1;0
1976;1;0
1977;1;0
1978;1;0
1979;1;1
1980;1;1
1981;1;1
1982;1;1
1983;1;1
1984;1;1
1985;1;1
1986;1;1
1987;1;1
1988;1;1
1989;1;1
1990;1;1
1991;1;1
1992;1;1
1993;1;1
1994;1;1
1995;1;1
1996;1;1
1997;1;1
1998;1;1
1999;1;1
2000;1;1
2001;1;1
2002;1;1
2003;1;1
2004;1;1
2005;1;1
2006;1;1
2007;2;0
2008;2;0
2009;2;0
2010;2;0
2011;2;0
2012;2;0
2013;2;0
2014;2;0
2015;2;0
2016;2;0
2017;2;0
2018;2;0
2019;2;0
2020;2;0
2021;2;0
2022;2;0
2023;2;0
2024;2;0
2025;2;0
2026;2;0
2027;2;0
2028;2;0
2029;2;0
2030;2;0
2031;2;0
2032;2;0
2033;2;0
2034;2;0
2035;2;0
2036;2;0
2037;2;0
2038;2;0
2039;2;0
2040;2;0
2041;2;0
2042;2;0
2043;2;0
2044;2;0
2045;2;0
2046;2;0
2047;2;0
2048;2;0
2049;2;1
2050;2;1
2051;2;1
2052;2;1
2053;2;1
2054;2;1
2055;2;1
2056;2;1
2057;2;1
2058;2;1
2059;2;1
2060;2;1
2061;2;1
2062;2;1
2063;2;1
2064;2;1
2065;2;1
2066;2;1
2067;2;1
2068;2;1
2069;2;1
2070;2;1
2071;2;1
2072;3;0
2073;3;0
2074;3;0
2075;3;0
2076;3;0
2077;3;0
2078;3;0
2079;3;0
2080;3;0
2081;3;0
2082;3;0
2083;3;0
2084;3;0
2085;3;0
2086;3;0
2087;3;0
2088;3;0
2089;3;0
2090;3;0
2091;3;0
2092;3;0
2093;3;0
2094;3;0
2095;3;0
2096;3;0
2097;3;0
2098;3;0
2099;3;0
2100;3;0
2101;3;0
2102;3;0
2103;3;0
2104;3;0
2105;3;0
2106;3;0
2107;3;0
2108;3;0
2109;3;0
2110;3;0
2111;3;0
2112;3;0
2113;3;0
2114;3;0
2115;3;0
2116;3;0
2117;3;0
2118;3;0
2119;3;0
2120;3;0
2121;3;0
2122;3;0
2123;3;0
2124;3;0
2125;3;0
2126;3;0
2127;3;0
2128;3;0
2129;3;0
2130;3;0
2131;3;0
2132;3;0
2133;3;0
2134;3;0
2135;3;0
2136;3;0
2137;3;1
2138;3;1
2139;3;1
2140;3;1
2141;3;1
2142;3;1
2143;3;1
2144;3;1
2145;3;1
2146;3;1
2147;3;1
2148;3;1
2149;3;1
2150;3;1
2151;3;1
2152;3;1
2153;3;1
2154;2;0
2155;2;0
2156;2;0
2157;2;0
2158;2;0
2159;2;0
2160;2;0
2161;2;0
2162;2;0
2163;2;0
2164;2;0
2165;2;0
2166;2;0
2167;2;0
2168;2;0
2169;2;0
2170;2;0
2171;2;0
2172;2;0
2173;2;0
2174;2;0
2175;2;0
2176;2;0
2177;2;0
2178;2;0
2179;2;0
2180;2;0
2181;2;0
2182;2;0
2183;2;0
2184;2;0
2185;2;0
2186;2;0
2187;2;0
2188;2;0
2189;2;0
2190;2;0
2191;2;0
2192;2;0
2193;2;0
2194;2;0
2195;2;0
2196;2;0
2197;2;0
2198;2;0
2199;2;0
2200;2;0
2201;2;0
2202;2;0
2203;2;0
2204;2;0
2205;2;0
2206;2;0
2207;2;0
2208;2;0
2209;2;0
2210;2;0
2211;2;0
2212;2;0
2213;2;0
2214;2;0
2215;2;0
2216;2;0
2217;2;0
2218;2;0
2219;2;0
2220;2;0
2221;2;0
2222;2;0
2223;2;0
2224;2;0
2225;2;0
2226;2;0
2227;2;0
2228;2;0
2229;2;0
2230;2;0
2231;2;0
2232;2;0
2233;2;0
2234;2;0
2235;2;0
2236;2;0
2237;2;0
2238;2;0
2239;2;0
2240;2;0
2241;2;0
2242;2;0
2243;2;0
2244;2;0
2245;2;0
2246;2;0
2247;2;0
2248;2;0
2249;2;0
2250;2;0
2251;2;0
2252;2;0
2253;2;0
2254;2;0
2255;2;0
2256;2;1
2257;2;1
2258;2;1
2259;2;1
2260;2;1
2261;2;1
2262;2;1
2263;2;1
2264;2;1
2265;2;1
2266;2;1
2267;2;1
2268;2;1
2269;2;1
2270;2;1
2271;2;1
2272;2;1
2273;2;1
2274;3;0
2275;3;0
2276;3;0
2277;3;0
2278;3;0
2279;3;0
2280;3;0
2281;3;0
2282;3;0
2283;3;0
2284;3;0
2285;3;0
2286;3;0
2287;3;0
2288;3;0
2289;3;0
2290;3;0
2291;3;0
2292;3;0
2293;3;0
2294;3;0
2295;3;0
2296;3;0
2297;3;0
2298;3;0
2299;3;0
2300;3;0
2301;3;0
2302;3;0
2303;3;0
2304;3;0
2305;3;0
2306;3;0
2307;3;0
2308;3;0
2309;3;0
2310;3;0
2311;3;0
2312;3;0
2313;3;0
2314;3;0
2315;3;0
2316;3;0
2317;3;0
2318;3;0
2319;3;0
2320;3;0
2321;3;0
2322;3;0
2323;3;0
2324;3;0
2325;3;0
2326;3;0
2327;3;0
2328;3;0
2329;3;0
2330;3;0
2331;3;1
2332;3;1
2333;3;1
2334;3;1
2335;3;1
2336;3;1
2337;3;1
2338;3;1
2339;3;1
2340;3;1
2341;3;1
2342;3;1
2343;3;1
2344;3;1
2345;3;1
2346;3;1
2347;3;1
2348;3;1
2349;3;1
2350;4;0
2351;4;0
2352;4;0
2353;4;0
2354;4;0
2355;4;0
2356;4;0
2357;4;0
2358;4;0
2359;4;0
2360;4;0
2361;4;0
2362;4;0
2363;4;0
2364;4;0
2365;4;0
2366;4;0
2367;4;0
2368;4;0
2369;4;0
2370;4;0
2371;4;0
2372;4;0
2373;4;0
2374;4;0
2375;4;0
2376;4;0
2377;4;0
2378;4;0
2379;4;0
2380;4;0
2381;4;0
2382;4;0
2383;4;0
2384;4;0
2385;4;0
2386;4;0
2387;4;0
2388;4;0
2389;4;0
2390;4;0
2391;4;0
2392;4;0
2393;4;0
2394;4;0
2395;4;0
2396;4;0
2397;4;0
2398;4;0
2399;4;0
2400;4;0
2401;4;0
2402;4;0
2403;4;0
2404;4;0
2405;4;0
2406;4;0
2407;4;0
2408;4;0
2409;4;0
2410;4;0
2411;4;0
2412;4;0
2413;4;0
2414;4;0
2415;4;0
2416;4;1
2417;4;1
2418;4;1
2419;4;1
2420;4;1
2421;4;1
2422;4;1
2423;4;1
2424;4;1
2425;4;1
2426;4;1
2427;4;1
2428;4;1
2429;4;1
2430;4;1
2431;4;1
2432;4;1
2433;4;1
2434;4;1
2435;4;1
2436;3;0
2437;3;0
2438;3;0
2439;3;0
2440;3;0
2441;3;0
2442;3;0
2443;3;0
2444;3;0
2445;3;0
2446;3;0
2447;3;0
2448;3;0
2449;3;0
2450;3;0
2451;3;0
2452;3;0
2453;3;0
2454;3;0
2455;3;0
2456;3;0
2457;3;0
2458;3;0
2459;3;0
2460;3;0
2461;3;0
2462;3;0
2463;3;0
2464;3;0
2465;3;0
2466;3;0
2467;3;0
2468;3;0
2469;3;0
2470;3;0
2471;3;0
2472;3;0
2473;3;0
2474;3;0
2475;3;0
2476;3;0
2477;3;0
2478;3;0
2479;3;0
2480;3;0
2481;3;0
2482;3;0
2483;3;0
2484;3;0
2485;3;0
2486;3;0
2487;3;0
2488;3;0
2489;3;0
2490;3;0
2491;3;0
2492;3;0
2493;3;0
2494;3;0
2495;3;0
2496;3;0
2497;3;1
2498;3;1
2499;3;1
2500;3;1
2501;3;1
2502;3;1
2503;3;1
2504;3;1
2505;3;1
2506;3;1
2507;3;1
2508;3;1
2509;3;1
2510;3;1
2511;3;1
2512;3;1
2513;2;0
2514;2;0
2515;2;0
2516;2;0
2517;2;0
2518;2;0
2519;2;0
2520;2;0
2521;2;0
2522;2;0
2523;2;0
2524;2;0
2525;2;0
2526;2;0
2527;2;0
2528;2;0
2529;2;0
2530;2;0
2531;2;0
2532;2;0
2533;2;0
2534;2;0
2535;2;0
2536;2;0
2537;2;0
2538;2;0
2539;2;0
2540;2;0
2541;2;0
2542;2;0
2543;2;0
2544;2;0
2545;2;0
2546;2;0
2547;2;0
2548;2;0
2549;2;0
2550;2;0
2551;2;0
2552;2;0
2553;2;0
2554;2;0
2555;2;0
2556;2;0
2557;2;0
2558;2;0
2559;2;0
2560;2;0
2561;2;0
2562;2;0
2563;2;0
2564;2;0
2565;2;0
2566;2;0
2567;2;0
2568;2;0
2569;2;0
2570;2;0
2571;2;0
2572;2;0
2573;2;0
2574;2;0
2575;2;0
2576;2;0
2577;2;0
2578;2;0
2579;2;0
2580;2;0
2581;2;0
2582;2;0
2583;2;0
2584;2;0
2585;2;0
2586;2;0
2587;2;0
2588;2;0
2589;2;0
2590;2;0
2591;2;0
2592;2;0
2593;2;0
2594;2;0
2595;2;0
2596;2;0
2597;2;0
2598;2;0
2599;2;0
2600;2;0
2601;2;0
2602;2;0
2603;2;0
2604;2;0
2605;2;0
2606;2;0
2607;2;0
2608;2;0
2609;2;0
2610;2;0
2611;2;0
2612;2;0
2613;2;0
2614;2;0
2615;2;0
2616;2;0
2617;2;0
2618;2;0
2619;2;0
2620;2;0
2621;2;0
2622;2;0
2623;2;0
2624;2;0
2625;2;0
2626;2;1
2627;2;1
2628;2;1
2629;2;1
2630;2;1
2631;2;1
2632;2;1
2633;2;1
2634;2;1
2635;2;1
2636;2;1
2637;2;1
2638;2;1
2639;2;1
2640;2;1
2641;2;1
2642;2;1
2643;2;1
2644;2;1
2645;2;1
2646;3;0
2647;3;0
2648;3;0
2649;3;0
2650;3;0
2651;3;0
2652;3;0
2653;3;0
2654;3;0
2655;3;0
2656;3;0
2657;3;0
2658;3;0
2659;3;0
2660;3;0
2661;3;0
2662;3;0
2663;3;0
2664;3;0
2665;3;0
2666;3;0
2667;3;0
2668;3;0
2669;3;0
2670;3;0
2671;3;0
2672;3;0
2673;3;0
2674;3;0
2675;3;0
2676;3;0
2677;3;0
2678;3;0
2679;3;0
2680;3;0
2681;3;0
2682;3;0
2683;3;0
2684;3;0
2685;3;0
2686;3;0
2687;3;0
2688;3;0
2689;3;0
2690;3;0
2691;3;0
2692;3;0
2693;3;0
2694;3;0
2695;3;1
2696;3;1
2697;3;1
2698;3;1
2699;3;1
2700;3;1
2701;3;1
2702;3;1
2703;3;1
2704;3;1
2705;3;1
2706;3;1
2707;3;1
2708;3;1
2709;3;1
2710;3;1
2711;3;1
2712;3;1
2713;3;1
2714;4;0
2715;4;0
2716;4;0
2717;4;0
2718;4;0
2719;4;0
2720;4;0
2721;4;0
2722;4;0
2723;4;0
2724;4;0
2725;4;0
2726;4;0
2727;4;0
2728;4;0
2729;4;0
2730;4;0
2731;4;0
2732;4;0
2733;4;0
2734;4;0
2735;4;0
2736;4;0
2737;4;0
2738;4;0
2739;4;0
2740;4;0
2741;4;0
2742;4;0
2743;4;0
2744;4;0
2745;4;0
2746;4;0
2747;4;0
2748;4;0
2749;4;0
2750;4;0
2751;4;0
2752;4;0
2753;4;0
2754;4;0
2755;4;0
2756;4;0
2757;4;0
2758;4;0
2759;4;0
2760;4;0
2761;4;0
2762;4;0
2763;4;0
2764;4;0
2765;4;0
2766;4;0
2767;4;1
2768;4;1
2769;4;1
2770;4;1
2771;4;1
2772;4;1
2773;4;1
2774;4;1
2775;4;1
2776;4;1
2777;4;1
2778;4;1
2779;4;1
2780;4;1
2781;4;1
2782;4;1
2783;4;1
2784;4;1
2785;4;1
2786;3;0
2787;3;0
2788;3;0
2789;3;0
2790;3;0
2791;3;0
2792;3;0
2793;3;0
2794;3;0
2795;3;0
2796;3;0
2797;3;0
2798;3;0
2799;3;0
2800;3;0
2801;3;0
2802;3;0
2803;3;0
2804;3;0
2805;3;0
2806;3;0
2807;3;0
2808;3;0
2809;3;0
2810;3;0
2811;3;0
2812;3;0
2813;3;0
2814;3;0
2815;3;0
2816;3;0
2817;3;0
2818;3;0
2819;3;0
2820;3;1
2821;3;1
2822;3;1
2823;3;1
2824;3;1
2825;3;1
2826;3;1
2827;3;1
2828;3;1
2829;3;1
2830;3;1
2831;3;1
2832;3;1
2833;3;1
2834;3;1
2835;3;1
2836;3;1
2837;3;1
2838;3;1
2839;3;1
2840;3;1
2841;2;0
2842;2;0
2843;2;0
2844;2;0
2845;2;0
2846;2;0
2847;2;0
2848;2;0
2849;2;0
2850;2;0
2851;2;0
2852;2;0
2853;2;0
2854;2;0
2855;2;0
2856;2;0
2857;2;0
2858;2;0
2859;2;0
2860;2;0
2861;2;0
2862;2;0
2863;2;0
2864;2;0
2865;2;0
2866;2;0
2867;2;0
2868;2;0
2869;2;0
2870;2;0
2871;2;0
2872;2;0
2873;2;0
2874;2;0
2875;2;0
2876;2;0
2877;2;0
2878;2;0
2879;2;0
2880;2;0
2881;2;0
2882;2;0
2883;2;0
2884;2;0
2885;2;0
2886;2;0
2887;2;0
2888;2;0
2889;2;0
2890;2;0
2891;2;0
2892;2;0
2893;2;0
2894;2;0
2895;2;0
2896;2;0
2897;2;0
2898;2;0
2899;2;0
2900;2;0
2901;2;0
2902;2;0
2903;2;0
2904;2;0
2905;2;0
2906;2;0
2907;2;0
2908;2;0
2909;2;0
2910;2;0
2911;2;0
2912;2;0
2913;2;0
2914;2;0
2915;2;0
2916;2;0
2917;2;0
2918;2;0
2919;2;0
2920;2;0
2921;2;0
2922;2;0
2923;2;0
2924;2;0
2925;2;0
2926;2;0
2927;2;0
2928;2;0
2929;2;0
2930;2;0
2931;2;0
2932;2;0
2933;2;1
2934;2;1
2935;2;1
2936;2;1
2937;2;1
2938;2;1
2939;2;1
2940;2;1
2941;2;1
2942;2;1
2943;2;1
2944;2;1
2945;2;1
2946;2;1
2947;1;0
2948;1;0
2949;1;0