1;1;0
2;1;0
3;1;0
4;1;0
5;1;0
6;1;0
7;1;0
8;1;0
9;1;0
10;1;0
11;1;0
12;1;0
13;1;0
14;1;0
15;1;0
16;1;0
17;1;0
18;1;0
19;1;0
20;1;0
21;1;0
22;1;0
23;1;0
24;1;0
25;1;0
26;1;0
27;1;0
28;1;0
29;1;0
30;1;0
31;1;0
32;1;0
33;1;0
34;1;0
35;1;0
36;1;0
37;1;0
38;1;0
39;1;0
40;1;0
41;1;0
42;1;0
43;1;0
44;1;0
45;1;0
46;1;0
47;1;0
48;1;0
49;1;0
50;1;0
51;1;0
52;1;0
53;1;0
54;1;0
55;1;0
56;1;0
57;1;0
58;1;0
59;1;0
60;1;0
61;1;0
62;1;0
63;1;0
64;1;0
65;1;0
66;1;0
67;1;0
68;1;0
69;1;0
70;1;0
71;1;0
72;1;0
73;1;0
74;1;0
75;1;0
76;1;0
77;1;0
78;1;0
79;1;0
80;1;0
81;1;0
82;1;0
83;1;0
84;1;0
85;1;0
86;1;0
87;1;0
88;1;0
89;1;0
90;1;0
91;1;0
92;1;0
93;1;0
94;1;0
95;1;0
96;1;0
97;1;0
98;1;0
99;1;0
100;1;0
101;1;0
102;1;0
103;1;0
104;1;0
105;1;0
106;1;0
107;1;0
108;1;0
109;1;0
110;1;0
111;1;0
112;1;0
113;1;0
114;1;0
115;1;0
116;1;1
117;1;1
118;1;1
119;1;1
120;1;1
121;1;1
122;1;1
123;1;0
124;1;0
125;1;0
126;1;0
127;1;0
128;1;0
129;1;0
130;1;0
131;1;0
132;1;0
133;1;0
134;1;0
135;1;0
136;1;0
137;1;0
138;1;0
139;1;0
140;1;0
141;1;0
142;1;0
143;1;0
144;1;0
145;1;0
146;1;0
147;1;0
148;1;0
149;1;0
150;1;0
151;1;0
152;1;0
153;1;0
154;1;0
155;1;1
156;1;1
157;1;1
158;1;1
159;1;1
160;1;1
161;1;1
162;1;1
163;1;1
164;1;1
165;1;1
166;1;1
167;1;1
168;1;1
169;1;1
170;1;1
171;1;1
172;1;1
173;1;1
174;1;1
175;1;1
176;1;1
177;1;1
178;1;1
179;1;1
180;1;1
181;1;1
182;1;1
183;1;1
184;1;1
185;1;1
186;2;1
187;2;1
188;2;1
189;2;1
190;2;1
191;2;1
192;2;1
193;2;1
194;2;1
195;2;1
196;2;1
197;2;1
198;2;1
199;2;1
200;2;1
201;2;1
202;2;1
203;2;1
204;2;1
205;2;1
206;2;1
207;2;1
208;2;1
209;2;1
210;2;0
211;2;0
212;2;0
213;2;0
214;2;0
215;2;0
216;2;0
217;2;0
218;2;0
219;2;0
220;2;0
221;2;0
222;2;0
223;2;0
224;2;0
225;2;0
226;2;0
227;2;0
228;2;0
229;2;0
230;2;0
231;2;0
232;2;0
233;2;0
234;2;0
235;2;0
236;2;0
237;2;0
238;2;0
239;2;0
240;2;0
241;2;0
242;2;0
243;2;0
244;2;0
245;2;0
246;2;0
247;2;0
248;2;0
249;2;0
250;2;0
251;2;0
252;2;0
253;2;0
254;2;0
255;2;0
256;2;0
257;2;0
258;2;0
259;2;0
260;2;0
261;2;0
262;2;0
263;2;0
264;2;0
265;2;0
266;2;0
267;2;0
268;2;0
269;2;0
270;2;0
271;2;0
272;2;0
273;2;0
274;2;0
275;2;0
276;2;0
277;2;0
278;2;0
279;2;0
280;2;0
281;2;0
282;2;0
283;2;0
284;2;0
285;2;0
286;2;0
287;2;0
288;2;0
289;2;0
290;2;0
291;2;0
292;2;0
293;2;0
294;2;0
295;2;0
296;2;0
297;2;0
298;2;0
299;2;0
300;2;0
301;2;0
302;2;0
303;2;0
304;2;0
305;2;0
306;2;0
307;2;0
308;2;0
309;2;0
310;2;0
311;2;0
312;2;0
313;2;0
314;2;0
315;2;0
316;2;0
317;2;0
318;2;0
319;2;0
320;2;0
321;2;0
322;2;0
323;2;0
324;2;0
325;2;0
326;2;0
327;2;0
328;2;0
329;2;0
330;2;0
331;2;0
332;2;0
333;2;0
334;2;0
335;2;0
336;2;0
337;2;0
338;2;0
339;2;0
340;2;0
341;2;0
342;2;0
343;2;0
344;2;0
345;2;0
346;2;0
347;2;0
348;2;0
349;2;0
350;2;0
351;2;0
352;2;0
353;2;0
354;2;0
355;2;0
356;2;1
357;2;1
358;2;1
359;2;1
360;2;1
361;2;1
362;2;1
363;2;1
364;2;1
365;2;1
366;2;1
367;2;1
368;2;1
369;2;1
370;2;1
371;2;1
372;2;1
373;2;1
374;2;1
375;2;1
376;2;1
377;2;1
378;2;1
379;2;1
380;2;1
381;2;1
382;2;1
383;3;1
384;3;1
385;3;1
386;3;1
387;3;1
388;3;1
389;3;1
390;3;1
391;3;1
392;3;1
393;3;1
394;3;1
395;3;1
396;3;1
397;3;1
398;3;1
399;3;1
400;3;1
401;3;1
402;3;1
403;3;0
404;3;0
405;3;0
406;3;0
407;3;0
408;3;0
409;3;0
410;3;0
411;3;0
412;3;0
413;3;0
414;3;0
415;3;0
416;3;0
417;3;0
418;3;0
419;3;0
420;3;0
421;3;0
422;3;0
423;3;0
424;3;0
425;3;0
426;3;0
427;3;0
428;3;0
429;3;0
430;3;0
431;3;0
432;3;0
433;3;0
434;3;0
435;3;0
436;3;0
437;3;0
438;3;0
439;3;0
440;3;0
441;3;0
442;3;0
443;3;0
444;3;0
445;3;0
446;3;0
447;3;0
448;3;0
449;3;0
450;3;0
451;3;0
452;3;0
453;3;0
454;3;0
455;3;0
456;3;0
457;3;0
458;3;0
459;3;0
460;3;0
461;3;0
462;3;0
463;3;0
464;3;0
465;3;0
466;3;0
467;3;0
468;3;0
469;3;0
470;3;0
471;3;0
472;3;0
473;3;0
474;3;0
475;3;0
476;3;0
477;3;0
478;3;0
479;3;0
480;3;0
481;3;0
482;3;0
483;3;0
484;3;0
485;3;0
486;3;0
487;3;0
488;3;0
489;3;0
490;3;0
491;3;0
492;3;0
493;3;0
494;3;0
495;3;0
496;3;0
497;3;0
498;3;0
499;3;0
500;3;0
501;3;0
502;3;0
503;3;0
504;3;0
505;3;1
506;3;1
507;3;1
508;3;1
509;3;1
510;3;1
511;3;1
512;3;1
513;3;1
514;3;1
515;3;1
516;3;1
517;3;1
518;3;1
519;3;1
520;3;1
521;3;1
522;3;1
523;3;1
524;3;1
525;3;1
526;3;1
527;3;1
528;3;1
529;3;1
530;3;1
531;3;1
532;3;1
533;3;1
534;3;1
535;3;1
536;3;1
537;3;1
538;3;1
539;2;1
540;2;1
541;2;1
542;2;1
543;2;1
544;2;1
545;2;1
546;2;1
547;2;1
548;2;1
549;2;1
550;2;1
551;2;1
552;2;1
553;2;1
554;2;1
555;2;1
556;2;1
557;2;1
558;2;0
559;2;0
560;2;0
561;2;0
562;2;0
563;2;0
564;2;0
565;2;0
566;2;0
567;2;0
568;2;0
569;2;0
570;2;0
571;2;0
572;2;0
573;2;0
574;2;0
575;2;0
576;2;0
577;2;0
578;2;0
579;2;0
580;2;0
581;2;0
582;2;0
583;2;0
584;2;0
585;2;0
586;2;0
587;2;0
588;2;0
589;2;0
590;2;0
591;2;0
592;2;0
593;2;0
594;2;0
595;2;0
596;2;0
597;2;0
598;2;0
599;2;0
600;2;0
601;2;0
602;2;0
603;2;0
604;2;0
605;2;0
606;2;0
607;2;0
608;2;0
609;2;0
610;2;0
611;2;0
612;2;0
613;2;0
614;2;0
615;2;0
616;2;0
617;2;0
618;2;0
619;2;0
620;2;0
621;2;0
622;2;0
623;2;0
624;2;0
625;2;0
626;2;0
627;2;0
628;2;0
629;2;0
630;2;0
631;2;0
632;2;0
633;2;0
634;2;0
635;2;0
636;2;0
637;2;0
638;2;0
639;2;0
640;2;0
641;2;0
642;2;0
643;2;0
644;2;0
645;2;0
646;2;0
647;2;0
648;2;0
649;2;0
650;2;0
651;2;0
652;2;0
653;2;0
654;2;0
655;2;0
656;2;0
657;2;0
658;2;0
659;2;0
660;2;0
661;2;0
662;2;0
663;2;0
664;2;0
665;2;0
666;2;0
667;2;0
668;2;0
669;2;0
670;2;0
671;2;0
672;2;0
673;2;0
674;2;0
675;2;0
676;2;0
677;2;0
678;2;0
679;2;0
680;2;0
681;2;0
682;2;0
683;2;0
684;2;0
685;2;0
686;2;0
687;2;0
688;2;0
689;2;0
690;2;0
691;2;0
692;2;0
693;2;0
694;2;0
695;2;0
696;2;0
697;2;0
698;2;0
699;2;0
700;2;0
701;2;0
702;2;0
703;2;0
704;2;0
705;2;0
706;2;0
707;2;0
708;2;0
709;2;0
710;2;0
711;2;0
712;2;0
713;2;0
714;2;0
715;2;0
716;2;0
717;2;0
718;2;0
719;2;0
720;2;0
721;2;0
722;2;0
723;2;0
724;2;0
725;2;0
726;2;0
727;2;0
728;2;0
729;2;0
730;2;0
731;2;0
732;2;0
733;2;0
734;2;0
735;2;0
736;2;0
737;2;0
738;2;0
739;2;1
740;2;1
741;2;1
742;2;1
743;2;1
744;2;1
745;2;1
746;2;1
747;2;1
748;2;1
749;2;1
750;2;1
751;2;1
752;2;1
753;2;1
754;2;1
755;2;1
756;2;1
757;2;1
758;2;1
759;2;1
760;2;1
761;2;1
762;2;1
763;2;1
764;2;1
765;2;1
766;2;1
767;2;1
768;2;1
769;2;1
770;2;1
771;2;1
772;2;1
773;2;1
774;2;1
775;2;1
776;2;1
777;2;1
778;2;1
779;2;1
780;2;1
781;1;1
782;1;1
783;1;1
784;1;1
785;1;1
786;1;1
787;1;1
788;1;1
789;1;1
790;1;1
791;1;1
792;1;1
793;1;1
794;1;1
795;1;1
796;1;1
797;1;1
798;1;1
799;1;1
800;1;0
801;1;0
802;1;0
803;1;0
804;1;0
805;1;0
806;1;0
807;1;0
808;1;0
809;1;0
810;1;0
811;1;0
812;1;0
813;1;0
814;1;0
815;1;0
816;1;0
817;1;0
818;1;0
819;1;0
820;1;0
821;1;0
822;1;0
823;1;0
824;1;0
825;1;0
826;1;0
827;1;0
828;1;0
829;1;0
830;1;0
831;1;0
832;1;0
833;1;0
834;1;0
835;1;0
836;1;0
837;1;0
838;1;0
839;1;0
840;1;0
841;1;0
842;1;0
843;1;0
844;1;0
845;1;0
846;1;0
847;1;0
848;1;0
849;1;0
850;1;0
851;1;0
852;1;0
853;1;0
854;1;0
855;1;0
856;1;0
857;1;0
858;1;0
859;1;0
860;1;0
861;1;0
862;1;0
863;1;0
864;1;0
865;1;0
866;1;0
867;1;0
868;1;0
869;1;0
870;1;0
871;1;0
872;1;0
873;1;0
874;1;0
875;1;0
876;1;0
877;1;0
878;1;0
879;1;0
880;1;0
881;1;0
882;1;0
883;1;0
884;1;0
885;1;0
886;1;0
887;1;0
888;1;0
889;1;0
890;1;0
891;1;0
892;1;0
893;1;0
894;1;0
895;1;0
896;1;0
897;1;0
898;1;0
899;1;0
900;1;0
901;1;0
902;1;0
903;1;0
904;1;0
905;1;0
906;1;0
907;1;0
908;1;0
909;1;0
910;1;0
911;1;0
912;1;0
913;1;0
914;1;0
915;1;0
916;1;0
917;1;0
918;1;0
919;1;0
920;1;0
921;1;0
922;1;0
923;1;0
924;1;0
925;1;0
926;1;0
927;1;0
928;1;0
929;1;0
930;1;0
931;1;0
932;1;0
933;1;0
934;1;0
935;1;0
936;1;0
937;1;0
938;1;0
939;1;0
940;1;0
941;1;0
942;1;0
943;1;0
944;1;0
945;1;0
946;1;0
947;1;0
948;1;0
949;1;0
950;1;0
951;1;0
952;1;0
953;1;0
954;1;0
955;1;0
956;1;0
957;1;0
958;1;0
959;1;0
960;1;0
961;1;0
962;1;0
963;1;0
964;1;0
965;1;0
966;1;0
967;1;0
968;1;0
969;1;0
970;1;0
971;1;0
972;1;0
973;1;0
974;1;0
975;1;0
976;1;0
977;1;0
978;1;0
979;1;0
980;1;0
981;1;0
982;1;0
983;1;0
984;1;0
985;1;0
986;1;0
987;1;1
988;1;1
989;1;1
990;1;1
991;1;1
992;1;1
993;1;1
994;1;1
995;1;1
996;1;1
997;1;1
998;1;1
999;1;1
1000;1;1
1001;1;1
1002;1;1
1003;1;1
1004;1;1
1005;1;1
1006;2;1
1007;2;1
1008;2;1
1009;2;1
1010;2;1
1011;2;1
1012;2;1
1013;2;1
1014;2;1
1015;2;1
1016;2;1
1017;2;1
1018;2;1
1019;2;1
1020;2;1
1021;2;1
1022;2;1
1023;2;1
1024;2;1
1025;2;1
1026;2;1
1027;2;1
1028;2;1
1029;2;1
1030;2;0
1031;2;0
1032;2;0
1033;2;0
1034;2;0
1035;2;0
1036;2;0
1037;2;0
1038;2;0
1039;2;0
1040;2;0
1041;2;0
1042;2;0
1043;2;0
1044;2;0
1045;2;0
1046;2;0
1047;2;0
1048;2;0
1049;2;0
1050;2;0
1051;2;0
1052;2;0
1053;2;0
1054;2;0
1055;2;0
1056;2;0
1057;2;0
1058;2;0
1059;2;0
1060;2;0
1061;2;0
1062;2;0
1063;2;0
1064;2;0
1065;2;0
1066;2;0
1067;2;0
1068;2;0
1069;2;0
1070;2;0
1071;2;0
1072;2;0
1073;2;0
1074;2;0
1075;2;0
1076;2;0
1077;2;0
1078;2;0
1079;2;0
1080;2;0
1081;2;0
1082;2;0
1083;2;0
1084;2;0
1085;2;0
1086;2;0
1087;2;0
1088;2;0
1089;2;0
1090;2;0
1091;2;0
1092;2;0
1093;2;0
1094;2;0
1095;2;0
1096;2;0
1097;2;0
1098;2;0
1099;2;0
1100;2;0
1101;2;0
1102;2;0
1103;2;0
1104;2;0
1105;2;0
1106;2;0
1107;2;0
1108;2;0
1109;2;0
1110;2;0
1111;2;0
1112;2;0
1113;2;0
1114;2;0
1115;2;0
1116;2;0
1117;2;0
1118;2;0
1119;2;0
1120;2;0
1121;2;0
1122;2;0
1123;2;0
1124;2;0
1125;2;0
1126;2;0
1127;2;0
1128;2;0
1129;2;0
1130;2;0
1131;2;0
1132;2;0
1133;2;0
1134;2;0
1135;2;0
1136;2;0
1137;2;0
1138;2;0
1139;2;0
1140;2;0
1141;2;0
1142;2;0
1143;2;0
1144;2;0
1145;2;0
1146;2;0
1147;2;0
1148;2;0
1149;2;0
1150;2;0
1151;2;0
1152;2;0
1153;2;0
1154;2;0
1155;2;0
1156;2;0
1157;2;0
1158;2;0
1159;2;0
1160;2;0
1161;2;0
1162;2;0
1163;2;0
1164;2;0
1165;2;0
1166;2;0
1167;2;0
1168;2;0
1169;2;0
1170;2;0
1171;2;0
1172;2;0
1173;2;0
1174;2;0
1175;2;0
1176;2;0
1177;2;0
1178;2;0
1179;2;0
1180;2;0
1181;2;0
1182;2;0
1183;2;0
1184;2;0
1185;2;0
1186;2;0
1187;2;0
1188;2;0
1189;2;0
1190;2;0
1191;2;0
1192;2;0
1193;2;0
1194;2;0
1195;2;0
1196;2;0
1197;2;0
1198;2;0
1199;2;0
1200;2;0
1201;2;0
1202;2;0
1203;2;0
1204;2;0
1205;2;0
1206;2;0
1207;2;0
1208;2;0
1209;2;0
1210;2;0
1211;2;0
1212;2;0
1213;2;0
1214;2;0
1215;2;0
1216;2;0
1217;2;0
1218;2;0
1219;2;0
1220;2;0
1221;2;0
1222;2;0
1223;2;0
1224;2;0
1225;2;0
1226;2;0
1227;2;0
1228;2;0
1229;2;0
1230;2;0
1231;2;0
1232;2;0
1233;2;0
1234;2;0
1235;2;0
1236;2;0
1237;2;0
1238;2;0
1239;2;0
1240;2;0
1241;2;0
1242;2;0
1243;2;0
1244;2;0
1245;2;0
1246;2;0
1247;2;0
1248;2;0
1249;2;0
1250;2;0
1251;2;0
1252;2;0
1253;2;0
1254;2;0
1255;2;0
1256;2;0
1257;2;0
1258;2;0
1259;2;0
1260;2;0
1261;2;0
1262;2;0
1263;2;0
1264;2;0
1265;2;0
1266;2;0
1267;2;0
1268;2;0
1269;2;0
1270;2;0
1271;2;0
1272;2;0
1273;2;0
1274;2;0
1275;2;0
1276;2;0
1277;2;0
1278;2;0
1279;2;0
1280;2;0
1281;2;0
1282;2;0
1283;2;0
1284;2;0
1285;2;0
1286;2;0
1287;2;0
1288;2;0
1289;2;0
1290;2;0
1291;2;0
1292;2;0
1293;2;0
1294;2;0
1295;2;0
1296;2;0
1297;2;0
1298;2;0
1299;2;0
1300;2;0
1301;2;0
1302;2;0
1303;2;0
1304;2;0
1305;2;0
1306;2;0
1307;2;0
1308;2;0
1309;2;0
1310;2;0
1311;2;0
1312;2;0
1313;2;0
1314;2;0
1315;2;0
1316;2;0
1317;2;0
1318;2;0
1319;2;0
1320;2;0
1321;2;0
1322;2;0
1323;2;0
1324;2;0
1325;2;0
1326;2;0
1327;2;0
1328;2;0
1329;2;0
1330;2;0
1331;2;0
1332;2;0
1333;2;0
1334;2;0
1335;2;0
1336;2;0
1337;2;0
1338;2;0
1339;2;0
1340;2;0
1341;2;0
1342;2;0
1343;2;0
1344;2;0
1345;2;0
1346;2;0
1347;2;0
1348;2;0
1349;2;0
1350;2;0
1351;2;0
1352;2;0
1353;2;0
1354;2;0
1355;2;0
1356;2;0
1357;2;0
1358;2;0
1359;2;0
1360;2;0
1361;2;0
1362;2;0
1363;2;0
1364;2;0
1365;2;0
1366;2;0
1367;2;0
1368;2;0
1369;2;0
1370;2;0
1371;2;0
1372;2;0
1373;2;0
1374;2;0
1375;2;0
1376;2;0
1377;2;0
1378;2;0
1379;2;0
1380;2;0
1381;2;0
1382;2;0
1383;2;0
1384;2;0
1385;2;0
1386;2;0
1387;2;0
1388;2;0
1389;2;0
1390;2;0
1391;2;0
1392;2;0
1393;2;0
1394;2;0
1395;2;0
1396;2;0
1397;2;0
1398;2;0
1399;2;0
1400;2;0
1401;2;0
1402;2;0
1403;2;0
1404;2;0
1405;2;0
1406;2;0
1407;2;0
1408;2;0
1409;2;0
1410;2;0
1411;2;0
1412;2;0
1413;2;0
1414;2;0
1415;2;0
1416;2;0
1417;2;0
1418;2;0
1419;2;0
1420;2;0
1421;2;0
1422;2;0
1423;2;0
1424;2;0
1425;2;0
1426;2;0
1427;2;0
1428;2;0
1429;2;0
1430;2;0
1431;2;0
1432;2;0
1433;2;0
1434;2;0
1435;2;0
1436;2;0
1437;2;0
1438;2;0
1439;2;0
1440;2;0
1441;2;0
1442;2;0
1443;2;0
1444;2;0
1445;2;0
1446;2;0
1447;2;0
1448;2;0
1449;2;0
1450;2;0
1451;2;0
1452;2;0
1453;2;0
1454;2;0
1455;2;0
1456;2;0
1457;2;0
1458;2;0
1459;2;0
1460;2;0
1461;2;0
1462;2;0
1463;2;0
1464;2;0
1465;2;0
1466;2;0
1467;2;0
1468;2;0
1469;2;0
1470;2;0
1471;2;0
1472;2;0
1473;2;0
1474;2;0
1475;2;0
1476;2;0
1477;2;0
1478;2;0
1479;2;0
1480;2;0
1481;2;0
1482;2;0
1483;2;0
1484;2;0
1485;2;0
1486;2;0
1487;2;0
1488;2;0
1489;2;0
1490;2;0
1491;2;0
1492;2;0
1493;2;0
1494;2;0
1495;2;0
1496;2;0
1497;2;0
1498;2;0
1499;2;0
1500;2;0
1501;2;0
1502;2;0
1503;2;0
1504;2;0
1505;2;0
1506;2;0
1507;2;0
1508;2;0
1509;2;0
1510;2;0
1511;2;0
1512;2;0
1513;2;0
1514;2;0
1515;2;0
1516;2;0
1517;2;0
1518;2;0
1519;2;0
1520;2;0
1521;2;0
1522;2;0
1523;2;0
1524;2;0
1525;2;0
1526;2;0
1527;2;0
1528;2;0
1529;2;0
1530;2;0
1531;2;0
1532;2;0
1533;2;0
1534;2;0
1535;2;0
1536;2;0
1537;2;0
1538;2;0
1539;2;0
1540;2;0
1541;2;0
1542;2;0
1543;2;0
1544;2;0
1545;2;0
1546;2;0
1547;2;0
1548;2;0
1549;2;0
1550;2;0
1551;2;0
1552;2;0
1553;2;0
1554;2;0
1555;2;0
1556;2;0
1557;2;0
1558;2;0
1559;2;0
1560;2;0
1561;2;0
1562;2;0
1563;2;0
1564;2;0
1565;2;0
1566;2;0
1567;2;0
1568;2;0
1569;2;0
1570;2;0
1571;2;0
1572;2;0
1573;2;0
1574;2;0
1575;2;0
1576;2;0
1577;2;0
1578;2;0
1579;2;0
1580;2;0
1581;2;0
1582;2;0
1583;2;0
1584;2;0
1585;2;0
1586;2;0
1587;2;0
1588;2;0
1589;2;0
1590;2;0
1591;2;0
1592;2;0
1593;2;0
1594;2;0
1595;2;0
1596;2;0
1597;2;0
1598;2;0
1599;2;0
1600;2;0
1601;2;0
1602;2;0
1603;2;0
1604;2;0
1605;2;0
1606;2;0
1607;2;0
1608;2;0
1609;2;0
1610;2;0
1611;2;0
1612;2;0
1613;2;0
1614;2;0
1615;2;0
1616;2;0
1617;2;0
1618;2;0
1619;2;0
1620;2;0
1621;2;0
1622;2;0
1623;2;0
1624;2;1
1625;2;1
1626;2;1
1627;2;1
1628;2;1
1629;2;1
1630;2;1
1631;2;1
1632;2;1
1633;2;1
1634;2;1
1635;2;1
1636;2;1
1637;2;1
1638;2;1
1639;2;1
1640;2;1
1641;2;1
1642;2;1
1643;2;1
1644;2;1
1645;2;1
1646;2;1
1647;2;1
1648;2;1
1649;2;1
1650;2;1
1651;2;1
1652;2;1
1653;2;1
1654;2;1
1655;2;1
1656;2;1
1657;2;1
1658;2;1
1659;2;1
1660;2;1
1661;2;1
1662;2;1
1663;2;1
1664;1;1
1665;1;1
1666;1;1
1667;1;1
1668;1;1
1669;1;1
1670;1;1
1671;1;1
1672;1;1
1673;1;1
1674;1;1
1675;1;1
1676;1;1
1677;1;1
1678;1;1
1679;1;1
1680;1;1
1681;1;1
1682;1;0
1683;1;0
1684;1;0
1685;1;0
1686;1;0
1687;1;0
1688;1;0
1689;1;0
1690;1;0
1691;1;0
1692;1;0
1693;1;0
1694;1;0
1695;1;0
1696;1;0
1697;1;0
1698;1;0
1699;1;0
1700;1;0
1701;1;0
1702;1;0
1703;1;0
1704;1;0
1705;1;0
1706;1;0
1707;1;0
1708;1;0
1709;1;0
1710;1;0
1711;1;0
1712;1;0
1713;1;0
1714;1;0
1715;1;0
1716;1;0
1717;1;0
1718;1;0
1719;1;0
1720;1;0
1721;1;0
1722;1;0
1723;1;0
1724;1;0
1725;1;0
1726;1;0
1727;1;0
1728;1;0
1729;1;0
1730;1;0
1731;1;0
1732;1;0
1733;1;0
1734;1;0
1735;1;0
1736;1;0
1737;1;0
1738;1;0
1739;1;0
1740;1;0
1741;1;0
1742;1;0
1743;1;0
1744;1;0
1745;1;0
1746;1;0
1747;1;0
1748;1;0
1749;1;0
1750;1;0
1751;1;0
1752;1;0
1753;1;0
1754;1;0
1755;1;0
1756;1;0
1757;1;0
1758;1;0
1759;1;0
1760;1;0
1761;1;0
1762;1;0
1763;1;0
1764;1;0
1765;1;0
1766;1;0
1767;1;0
1768;1;0
1769;1;0
1770;1;0
1771;1;0
1772;1;0
1773;1;0
1774;1;0
1775;1;0
1776;1;0
1777;1;0
1778;1;0
1779;1;0
1780;1;0
1781;1;0
1782;1;0
1783;1;0
1784;1;0
1785;1;0
1786;1;0
1787;1;0
1788;1;0
1789;1;0
1790;1;0
1791;1;0
1792;1;0
1793;1;0
1794;1;0
1795;1;0
1796;1;0
1797;1;0
1798;1;0
1799;1;0
1800;1;0
1801;1;0
1802;1;0
1803;1;0
1804;1;0
1805;1;0
1806;1;0
1807;1;0
1808;1;0
1809;1;0
1810;1;0
1811;1;0
1812;1;0
1813;1;0
1814;1;0
1815;1;0
1816;1;0
1817;1;0
1818;1;0
1819;1;0
1820;1;0
1821;1;0
1822;1;0
1823;1;0
1824;1;0
1825;1;0
1826;1;0
1827;1;0
1828;1;0
1829;1;0
1830;1;0
1831;1;0
1832;1;0
1833;1;0
1834;1;0
1835;1;0
1836;1;0
1837;1;0
1838;1;0
1839;1;0
1840;1;0
1841;1;0
1842;1;0
1843;1;0
1844;1;0
1845;1;0
1846;1;0
1847;1;0
1848;1;0
1849;1;0
1850;1;0
1851;1;0
1852;1;0
1853;1;0
1854;1;0
1855;1;0
1856;1;0
1857;1;0
1858;1;0
1859;1;0
1860;1;0
1861;1;0
1862;1;0
1863;1;0
1864;1;0
1865;1;0
1866;1;0
1867;1;0
1868;1;0
1869;1;0
1870;1;0
1871;1;0
1872;1;0
1873;1;0
1874;1;0
1875;1;0
1876;1;0
1877;1;0
1878;1;0
1879;1;0
1880;1;0
1881;1;0
1882;1;0
1883;1;0
1884;1;0
1885;1;0
1886;1;0
1887;1;0
1888;1;0
1889;1;0
1890;1;0
1891;1;0
1892;1;0
1893;1;0
1894;1;0
1895;1;0
1896;1;0
1897;1;0
1898;1;0
1899;1;0
1900;1;0
1901;1;0
1902;1;0
1903;1;0
1904;1;0
1905;1;0
1906;1;0
1907;1;0
1908;1;0
1909;1;0
1910;1;0
1911;1;0
1912;1;0
1913;1;0
1914;1;0
1915;1;0
1916;1;0
1917;1;0
1918;1;0
1919;1;0
1920;1;0
1921;1;0
1922;1;0
1923;1;0
1924;1;0
1925;1;0
1926;1;0
1927;1;0
1928;1;0
1929;1;0
1930;1;0
1931;1;0
1932;1;0
1933;1;0
1934;1;0
1935;1;0
1936;1;0
1937;1;0
1938;1;0
1939;1;0
1940;1;0
1941;1;0
1942;1;0
1943;1;0
1944;1;0
1945;1;0
1946;1;0
1947;1;0
1948;1;0
1949;1;0
1950;1;0
1951;1;0
1952;1;0
1953;1;0
1954;1;0
1955;1;0
1956;1;0
1957;1;0
1958;1;0
1959;1;0
1960;1;0
1961;1;0
1962;1;0
1963;1;0
1964;1;0
1965;1;0
1966;1;0
1967;1;0
1968;1;0
1969;1;0
1970;1;0
1971;1;0
1972;1;0
1973;1;0
1974;1;0
1975;1;0
1976;1;0
1977;1;0
1978;1;0
1979;1;0
1980;1;0
1981;1;0
1982;1;0
1983;1;0
1984;1;0
1985;1;0
1986;1;0
1987;1;1
1988;1;1
1989;1;1
1990;1;1
1991;1;1
1992;1;0
1993;1;0
1994;1;0
1995;1;0
1996;1;0
1997;1;0
1998;1;0
1999;1;0
2000;1;0
2001;1;0
2002;1;0
2003;1;0
2004;1;1
2005;1;1
2006;1;1
2007;1;1
2008;1;1
2009;1;1
2010;1;1
2011;1;1
2012;1;1
2013;1;1
2014;1;1
2015;1;1
2016;1;1
2017;1;1
2018;1;1
2019;1;1
2020;1;1
2021;1;1
2022;1;1
2023;1;1
2024;1;1
2025;1;1
2026;1;1
2027;1;1
2028;1;1
2029;1;1
2030;1;1
2031;1;1
2032;1;1
2033;1;1
2034;1;1
2035;2;1
2036;2;1
2037;2;1
2038;2;1
2039;2;1
2040;2;1
2041;2;1
2042;2;1
2043;2;1
2044;2;1
2045;2;1
2046;2;1
2047;2;1
2048;2;1
2049;2;1
2050;2;1
2051;2;1
2052;2;1
2053;2;1
2054;2;1
2055;2;1
2056;2;1
2057;2;0
2058;2;0
2059;2;0
2060;2;0
2061;2;0
2062;2;0
2063;2;0
2064;2;0
2065;2;0
2066;2;0
2067;2;0
2068;2;0
2069;2;0
2070;2;0
2071;2;0
2072;2;0
2073;2;0
2074;2;0
2075;2;0
2076;2;0
2077;2;0
2078;2;0
2079;2;0
2080;2;0
2081;2;0
2082;2;0
2083;2;0
2084;2;0
2085;2;0
2086;2;0
2087;2;0
2088;2;0
2089;2;0
2090;2;0
2091;2;0
2092;2;0
2093;2;0
2094;2;0
2095;2;0
2096;2;0
2097;2;0
2098;2;0
2099;2;0
2100;2;0
2101;2;0
2102;2;0
2103;2;0
2104;2;0
2105;2;0
2106;2;0
2107;2;0
2108;2;0
2109;2;0
2110;2;0
2111;2;0
2112;2;0
2113;2;0
2114;2;0
2115;2;0
2116;2;0
2117;2;0
2118;2;0
2119;2;0
2120;2;0
2121;2;0
2122;2;0
2123;2;0
2124;2;0
2125;2;0
2126;2;0
2127;2;0
2128;2;0
2129;2;0
2130;2;0
2131;2;0
2132;2;0
2133;2;0
2134;2;0
2135;2;0
2136;2;0
2137;2;0
2138;2;0
2139;2;0
2140;2;0
2141;2;0
2142;2;0
2143;2;0
2144;2;0
2145;2;0
2146;2;0
2147;2;0
2148;2;0
2149;2;0
2150;2;0
2151;2;0
2152;2;0
2153;2;0
2154;2;0
2155;2;0
2156;2;0
2157;2;0
2158;2;0
2159;2;0
2160;2;0
2161;2;0
2162;2;0
2163;2;0
2164;2;0
2165;2;0
2166;2;0
2167;2;0
2168;2;0
2169;2;0
2170;2;0
2171;2;0
2172;2;0
2173;2;0
2174;2;0
2175;2;0
2176;2;0
2177;2;0
2178;2;0
2179;2;0
2180;2;0
2181;2;0
2182;2;0
2183;2;0
2184;2;0
2185;2;0
2186;2;0
2187;2;0
2188;2;0
2189;2;0
2190;2;0
2191;2;0
2192;2;0
2193;2;0
2194;2;0
2195;2;0
2196;2;0
2197;2;0
2198;2;0
2199;2;0
2200;2;0
2201;2;0
2202;2;0
2203;2;0
2204;2;0
2205;2;0
2206;2;0
2207;2;0
2208;2;0
2209;2;0
2210;2;0
2211;2;0
2212;2;0
2213;2;0
2214;2;0
2215;2;0
2216;2;0
2217;2;0
2218;2;0
2219;2;0
2220;2;0
2221;2;0
2222;2;0
2223;2;0
2224;2;0
2225;2;0
2226;2;0
2227;2;0
2228;2;0
2229;2;0
2230;2;0
2231;2;0
2232;2;0
2233;2;0
2234;2;0
2235;2;0
2236;2;0
2237;2;0
2238;2;0
2239;2;0
2240;2;0
2241;2;0
2242;2;0
2243;2;0
2244;2;0
2245;2;0
2246;2;0
2247;2;0
2248;2;0
2249;2;0
2250;2;0
2251;2;0
2252;2;0
2253;2;0
2254;2;0
2255;2;0
2256;2;0
2257;2;0
2258;2;0
2259;2;0
2260;2;0
2261;2;0
2262;2;0
2263;2;0
2264;2;0
2265;2;0
2266;2;0
2267;2;0
2268;2;0
2269;2;0
2270;2;0
2271;2;0
2272;2;0
2273;2;0
2274;2;0
2275;2;0
2276;2;0
2277;2;0
2278;2;0
2279;2;0
2280;2;0
2281;2;0
2282;2;0
2283;2;0
2284;2;0
2285;2;0
2286;2;0
2287;2;0
2288;2;0
2289;2;0
2290;2;0
2291;2;0
2292;2;0
2293;2;0
2294;2;0
2295;2;0
2296;2;0
2297;2;0
2298;2;0
2299;2;0
2300;2;0
2301;2;0
2302;2;0
2303;2;0
2304;2;0
2305;2;0
2306;2;0
2307;2;0
2308;2;0
2309;2;0
2310;2;0
2311;2;0
2312;2;0
2313;2;0
2314;2;0
2315;2;0
2316;2;0
2317;2;0
2318;2;0
2319;2;0
2320;2;0
2321;2;0
2322;2;0
2323;2;0
2324;2;0
2325;2;0
2326;2;0
2327;2;0
2328;2;0
2329;2;0
2330;2;0
2331;2;0
2332;2;0
2333;2;0
2334;2;0
2335;2;0
2336;2;0
2337;2;0
2338;2;0
2339;2;0
2340;2;0
2341;2;0
2342;2;0
2343;2;0
2344;2;0
2345;2;0
2346;2;0
2347;2;0
2348;2;0
2349;2;0
2350;2;0
2351;2;0
2352;2;0
2353;2;0
2354;2;0
2355;2;0
2356;2;0
2357;2;0
2358;2;0
2359;2;0
2360;2;0
2361;2;0
2362;2;0
2363;2;0
2364;2;0
2365;2;0
2366;2;0
2367;2;0
2368;2;0
2369;2;1
2370;2;1
2371;2;1
2372;2;1
2373;2;1
2374;2;1
2375;2;1
2376;2;1
2377;2;1
2378;2;1
2379;2;1
2380;2;1
2381;2;1
2382;2;1
2383;2;1
2384;2;1
2385;2;1
2386;2;1
2387;2;1
2388;2;1
2389;2;1
2390;2;1
2391;2;1
2392;2;1
2393;2;1
2394;2;1
2395;2;1
2396;2;1
2397;2;1
2398;2;1
2399;2;1
2400;3;1
2401;3;1
2402;3;1
2403;3;1
2404;3;1
2405;3;1
2406;3;1
2407;3;1
2408;3;1
2409;3;1
2410;3;1
2411;3;1
2412;3;1
2413;3;1
2414;3;1
2415;3;1
2416;3;0
2417;3;0
2418;3;0
2419;3;0
2420;3;0
2421;3;0
2422;3;0
2423;3;0
2424;3;0
2425;3;0
2426;3;0
2427;3;0
2428;3;0
2429;3;0
2430;3;0
2431;3;0
2432;3;0
2433;3;0
2434;3;0
2435;3;0
2436;3;0
2437;3;0
2438;3;0
2439;3;0
2440;3;0
2441;3;0
2442;3;0
2443;3;0
2444;3;0
2445;3;0
2446;3;0
2447;3;0
2448;3;0
2449;3;0
2450;3;0
2451;3;0
2452;3;0
2453;3;0
2454;3;0
2455;3;0
2456;3;0
2457;3;0
2458;3;0
2459;3;0
2460;3;0
2461;3;0
2462;3;0
2463;3;0
2464;3;0
2465;3;0
2466;3;0
2467;3;0
2468;3;0
2469;3;0
2470;3;0
2471;3;0
2472;3;0
2473;3;0
2474;3;0
2475;3;0
2476;3;0
2477;3;0
2478;3;0
2479;3;0
2480;3;0
2481;3;0
2482;3;0
2483;3;0
2484;3;0
2485;3;0
2486;3;0
2487;3;0
2488;3;0
2489;3;0
2490;3;0
2491;3;0
2492;3;0
2493;3;0
2494;3;0
2495;3;0
2496;3;0
2497;3;0
2498;3;0
2499;3;0
2500;3;0
2501;3;0
2502;3;0
2503;3;0
2504;3;0
2505;3;0
2506;3;0
2507;3;0
2508;3;0
2509;3;0
2510;3;0
2511;3;0
2512;3;0
2513;3;0
2514;3;0
2515;3;0
2516;3;0
2517;3;0
2518;3;0
2519;3;0
2520;3;0
2521;3;0
2522;3;0
2523;3;0
2524;3;0
2525;3;0
2526;3;0
2527;3;0
2528;3;0
2529;3;0
2530;3;0
2531;3;0
2532;3;0
2533;3;0
2534;3;0
2535;3;0
2536;3;0
2537;3;0
2538;3;0
2539;3;0
2540;3;0
2541;3;0
2542;3;0
2543;3;1
2544;3;1
2545;3;1
2546;3;1
2547;3;1
2548;3;1
2549;3;1
2550;3;1
2551;3;1
2552;3;1
2553;3;1
2554;3;1
2555;3;1
2556;3;1
2557;3;1
2558;3;1
2559;3;1
2560;3;1
2561;3;1
2562;3;1
2563;3;1
2564;3;1
2565;3;1
2566;3;1
2567;2;1
2568;2;1
2569;2;1
2570;2;1
2571;2;1
2572;2;1
2573;2;1
2574;2;1
2575;2;1
2576;2;1
2577;2;1
2578;2;1
2579;2;1
2580;2;1
2581;2;1
2582;2;1
2583;2;1
2584;2;0
2585;2;0
2586;2;0
2587;2;0
2588;2;0
2589;2;0
2590;2;0
2591;2;0
2592;2;0
2593;2;0
2594;2;0
2595;2;0
2596;2;0
2597;2;0
2598;2;0
2599;2;0
2600;2;0
2601;2;0
2602;2;0
2603;2;0
2604;2;0
2605;2;0
2606;2;0
2607;2;0
2608;2;0
2609;2;0
2610;2;0
2611;2;0
2612;2;0
2613;2;0
2614;2;0
2615;2;0
2616;2;0
2617;2;0
2618;2;0
2619;2;0
2620;2;0
2621;2;0
2622;2;0
2623;2;0
2624;2;0
2625;2;0
2626;2;0
2627;2;0
2628;2;0
2629;2;0
2630;2;0
2631;2;0
2632;2;0
2633;2;0
2634;2;0
2635;2;0
2636;2;0
2637;2;0
2638;2;0
2639;2;0
2640;2;0
2641;2;0
2642;2;0
2643;2;0
2644;2;0
2645;2;0
2646;2;0
2647;2;0
2648;2;0
2649;2;0
2650;2;0
2651;2;0
2652;2;0
2653;2;0
2654;2;0
2655;2;0
2656;2;0
2657;2;0
2658;2;0
2659;2;0
2660;2;0
2661;2;0
2662;2;0
2663;2;0
2664;2;0
2665;2;0
2666;2;0
2667;2;0
2668;2;0
2669;2;0
2670;2;0
2671;2;0
2672;2;0
2673;2;0
2674;2;0
2675;2;0
2676;2;0
2677;2;0
2678;2;0
2679;2;0
2680;2;0
2681;2;0
2682;2;0
2683;2;0
2684;2;0
2685;2;0
2686;2;0
2687;2;0
2688;2;0
2689;2;0
2690;2;0
2691;2;0
2692;2;0
2693;2;0
2694;2;0
2695;2;0
2696;2;0
2697;2;0
2698;2;0
2699;2;0
2700;2;0
2701;2;0
2702;2;0
2703;2;0
2704;2;0
2705;2;0
2706;2;0
2707;2;0
2708;2;0
2709;2;0
2710;2;0
2711;2;0
2712;2;0
2713;2;0
2714;2;0
2715;2;0
2716;2;0
2717;2;0
2718;2;0
2719;2;0
2720;2;0
2721;2;0
2722;2;0
2723;2;0
2724;2;0
2725;2;0
2726;2;0
2727;2;0
2728;2;0
2729;2;0
2730;2;0
2731;2;0
2732;2;0
2733;2;0
2734;2;0
2735;2;0
2736;2;0
2737;2;0
2738;2;0
2739;2;0
2740;2;0
2741;2;0
2742;2;0
2743;2;0
2744;2;0
2745;2;0
2746;2;0
2747;2;0
2748;2;0
2749;2;0
2750;2;0
2751;2;1
2752;2;1
2753;2;1
2754;2;1
2755;2;1
2756;2;1
2757;2;1
2758;2;1
2759;2;1
2760;2;1
2761;2;1
2762;2;1
2763;2;1
2764;2;1
2765;2;1
2766;2;1
2767;2;1
2768;2;1
2769;2;1
2770;2;1
2771;2;1
2772;2;1
2773;2;1
2774;2;1
2775;2;1
2776;2;1
2777;2;1
2778;2;1
2779;2;1
2780;2;1
2781;2;1
2782;2;1
2783;2;1
2784;2;1
2785;2;1
2786;2;1
2787;2;1
2788;2;1
2789;2;1
2790;2;1
2791;3;1
2792;3;1
2793;3;1
2794;3;1
2795;3;1
2796;3;1
2797;3;1
2798;3;1
2799;3;1
2800;3;1
2801;3;1
2802;3;0
2803;3;0
2804;3;0
2805;3;0
2806;3;0
2807;3;0
2808;3;0
2809;3;0
2810;3;0
2811;3;0
2812;3;0
2813;3;0
2814;3;0
2815;3;0
2816;3;0
2817;3;0
2818;3;0
2819;3;0
2820;3;0
2821;3;0
2822;3;0
2823;3;0
2824;3;0
2825;3;0
2826;3;0
2827;3;0
2828;3;0
2829;3;0
2830;3;0
2831;3;0
2832;3;0
2833;3;0
2834;3;0
2835;3;0
2836;3;0
2837;3;0
2838;3;0
2839;3;0
2840;3;0
2841;3;0
2842;3;0
2843;3;0
2844;3;0
2845;3;0
2846;3;0
2847;3;0
2848;3;0
2849;3;0
2850;3;0
2851;3;0
2852;3;0
2853;3;0
2854;3;0
2855;3;0
2856;3;0
2857;3;0
2858;3;0
2859;3;0
2860;3;0
2861;3;0
2862;3;0
2863;3;0
2864;3;0
2865;3;0
2866;3;0
2867;3;0
2868;3;0
2869;3;0
2870;3;0
2871;3;0
2872;3;0
2873;3;0
2874;3;0
2875;3;0
2876;3;0
2877;3;0
2878;3;0
2879;3;0
2880;3;0
2881;3;0
2882;3;0
2883;3;0
2884;3;0
2885;3;0
2886;3;0
2887;3;0
2888;3;0
2889;3;0
2890;3;0
2891;3;0
2892;3;0
2893;3;0
2894;3;0
2895;3;0
2896;3;0
2897;3;0
2898;3;0
2899;3;0
2900;3;0
2901;3;0
2902;3;0
2903;3;0
2904;3;0
2905;3;0
2906;3;0
2907;3;0
2908;3;0
2909;3;0
2910;3;0
2911;3;0
2912;3;0
2913;3;0
2914;3;0
2915;3;0
2916;3;0
2917;3;0
2918;3;0
2919;3;0
2920;3;0
2921;3;0
2922;3;0
2923;3;0
2924;3;0
2925;3;0
2926;3;0
2927;3;0
2928;3;0
2929;3;0
2930;3;0
2931;3;0
2932;3;0
2933;3;0
2934;3;0
2935;3;0
2936;3;0
2937;3;0
2938;3;0
2939;3;0
2940;3;0
2941;3;0
2942;3;0
2943;3;0
2944;3;0
2945;3;0
2946;3;0
2947;3;0
2948;3;0
2949;3;0
2950;3;0
2951;3;0
2952;3;0
2953;3;0
2954;3;0
2955;3;0
2956;3;0
2957;3;0
2958;3;0
2959;3;0
2960;3;0
2961;3;0
2962;3;0
2963;3;0
2964;3;0
2965;3;0
2966;3;0
2967;3;0
2968;3;0
2969;3;0
2970;3;0
2971;3;0
2972;3;0
2973;3;0
2974;3;0
2975;3;0
2976;3;0
2977;3;0
2978;3;0
2979;3;0
2980;3;0
2981;3;0
2982;3;0
2983;3;0
2984;3;0
2985;3;0
2986;3;0
2987;3;0
2988;3;0
2989;3;0
2990;3;0
2991;3;0
2992;3;0
2993;3;0
2994;3;0
2995;3;0
2996;3;0
2997;3;0
2998;3;0
2999;3;0
3000;3;0
3001;3;0
3002;3;0
3003;3;0
3004;3;0
3005;3;0
3006;3;0
3007;3;0
3008;3;0
3009;3;0
3010;3;0
3011;3;0
3012;3;0
3013;3;0
3014;3;0
3015;3;0
3016;3;0
3017;3;0
3018;3;0
3019;3;0
3020;3;0
3021;3;0
3022;3;0
3023;3;0
3024;3;0
3025;3;0
3026;3;0
3027;3;0
3028;3;0
3029;3;0
3030;3;0
3031;3;0
3032;3;0
3033;3;0
3034;3;0
3035;3;0
3036;3;0
3037;3;0
3038;3;0
3039;3;0
3040;3;0
3041;3;0
3042;3;0
3043;3;0
3044;3;0
3045;3;0
3046;3;0
3047;3;0
3048;3;0
3049;3;0
3050;3;0
3051;3;0
3052;3;0
3053;3;0
3054;3;0
3055;3;0
3056;3;0
3057;3;0
3058;3;0
3059;3;0
3060;3;0
3061;3;0
3062;3;0
3063;3;0
3064;3;0
3065;3;0
3066;3;0
3067;3;0
3068;3;0
3069;3;0
3070;3;0
3071;3;0
3072;3;0
3073;3;0
3074;3;0
3075;3;0
3076;3;0
3077;3;0
3078;3;0
3079;3;0
3080;3;0
3081;3;0
3082;3;0
3083;3;0
3084;3;0
3085;3;0
3086;3;0
3087;3;0
3088;3;0
3089;3;0
3090;3;0
3091;3;0
3092;3;0
3093;3;0
3094;3;0
3095;3;0
3096;3;0
3097;3;0
3098;3;0
3099;3;0
3100;3;0
3101;3;0
3102;3;0
3103;3;0
3104;3;0
3105;3;0
3106;3;0
3107;3;0
3108;3;0
3109;3;0
3110;3;0
3111;3;0
3112;3;0
3113;3;0
3114;3;0
3115;3;0
3116;3;0
3117;3;0
3118;3;0
3119;3;0
3120;3;0
3121;3;0
3122;3;0
3123;3;0
3124;3;0
3125;3;0
3126;3;0
3127;3;0
3128;3;0
3129;3;0
3130;3;0
3131;3;0
3132;3;0
3133;3;0
3134;3;0
3135;3;0
3136;3;0
3137;3;0
3138;3;0
3139;3;0
3140;3;0
3141;3;0
3142;3;0
3143;3;0
3144;3;0
3145;3;0
3146;3;0
3147;3;0
3148;3;0
3149;3;0
3150;3;0
3151;3;0
3152;3;0
3153;3;0
3154;3;0
3155;3;0
3156;3;0
3157;3;0
3158;3;0
3159;3;0
3160;3;0
3161;3;0
3162;3;0
3163;3;0
3164;3;0
3165;3;0
3166;3;0
3167;3;0
3168;3;0
3169;3;0
3170;3;0
3171;3;0
3172;3;0
3173;3;0
3174;3;0
3175;3;0
3176;3;0
3177;3;0
3178;3;0
3179;3;0
3180;3;1
3181;3;1
3182;3;1
3183;3;1
3184;3;1
3185;3;1
3186;3;1
3187;3;1
3188;3;1
3189;3;1
3190;3;1
3191;3;1
3192;3;1
3193;3;1
3194;3;1
3195;3;1
3196;3;1
3197;3;1
3198;3;1
3199;3;1
3200;3;1
3201;3;1
3202;3;1
3203;3;1
3204;3;1
3205;3;1
3206;3;1
3207;3;1
3208;2;1
3209;2;1
3210;2;1
3211;2;1
3212;2;1
3213;2;1
3214;2;1
3215;2;1
3216;2;1
3217;2;1
3218;2;1
3219;2;1
3220;2;1
3221;2;1
3222;2;1
3223;2;1
3224;2;1
3225;2;1
3226;2;1
3227;2;1
3228;2;1
3229;2;0
3230;2;0
3231;2;0
3232;2;0
3233;2;0
3234;2;0
3235;2;0
3236;2;0
3237;2;0
3238;2;0
3239;2;0
3240;2;0
3241;2;0
3242;2;0
3243;2;0
3244;2;0
3245;2;0
3246;2;0
3247;2;0
3248;2;0
3249;2;0
3250;2;0
3251;2;0
3252;2;0
3253;2;0
3254;2;0
3255;2;0
3256;2;0
3257;2;0
3258;2;0
3259;2;0
3260;2;0
3261;2;0
3262;2;0
3263;2;0
3264;2;0
3265;2;0
3266;2;0
3267;2;0
3268;2;0
3269;2;0
3270;2;0
3271;2;0
3272;2;0
3273;2;0
3274;2;0
3275;2;0
3276;2;0
3277;2;0
3278;2;0
3279;2;0
3280;2;0
3281;2;0
3282;2;0
3283;2;0
3284;2;0
3285;2;0
3286;2;0
3287;2;0
3288;2;0
3289;2;0
3290;2;0
3291;2;0
3292;2;0
3293;2;0
3294;2;0
3295;2;0
3296;2;0
3297;2;0
3298;2;0
3299;2;0
3300;2;0
3301;2;0
3302;2;0
3303;2;0
3304;2;0
3305;2;0
3306;2;0
3307;2;0
3308;2;0
3309;2;0
3310;2;0
3311;2;0
3312;2;0
3313;2;0
3314;2;0
3315;2;0
3316;2;0
3317;2;0
3318;2;0
3319;2;0
3320;2;0
3321;2;0
3322;2;0
3323;2;0
3324;2;0
3325;2;0
3326;2;0
3327;2;0
3328;2;0
3329;2;0
3330;2;0
3331;2;0
3332;2;0
3333;2;0
3334;2;0
3335;2;0
3336;2;0
3337;2;0
3338;2;0
3339;2;0
3340;2;0
3341;2;0
3342;2;0
3343;2;0
3344;2;0
3345;2;0
3346;2;0
3347;2;0
3348;2;0
3349;2;0
3350;2;0
3351;2;0
3352;2;0
3353;2;0
3354;2;0
3355;2;0
3356;2;0
3357;2;0
3358;2;0
3359;2;0
3360;2;0
3361;2;0
3362;2;0
3363;2;0
3364;2;0
3365;2;0
3366;2;0
3367;2;0
3368;2;0
3369;2;0
3370;2;0
3371;2;0
3372;2;0
3373;2;0
3374;2;0
3375;2;0
3376;2;0
3377;2;0
3378;2;0
3379;2;0
3380;2;0
3381;2;0
3382;2;0
3383;2;0
3384;2;0
3385;2;0
3386;2;0
3387;2;0
3388;2;0
3389;2;0
3390;2;0
3391;2;0
3392;2;0
3393;2;0
3394;2;0
3395;2;0
3396;2;0
3397;2;0
3398;2;0
3399;2;0
3400;2;0
3401;2;0
3402;2;0
3403;2;0
3404;2;0
3405;2;0
3406;2;0
3407;2;0
3408;2;0
3409;2;0
3410;2;0
3411;2;0
3412;2;0
3413;2;0
3414;2;0
3415;2;0
3416;2;0
3417;2;0
3418;2;0
3419;2;0
3420;2;0
3421;2;0
3422;2;0
3423;2;0
3424;2;0
3425;2;0
3426;2;0
3427;2;0
3428;2;0
3429;2;0
3430;2;0
3431;2;0
3432;2;0
3433;2;0
3434;2;0
3435;2;0
3436;2;0
3437;2;0
3438;2;0
3439;2;0
3440;2;0
3441;2;0
3442;2;0
3443;2;0
3444;2;0
3445;2;0
3446;2;0
3447;2;0
3448;2;0
3449;2;0
3450;2;0
3451;2;1
3452;2;1
3453;2;1
3454;2;1
3455;2;1
3456;2;1
3457;2;1
3458;2;1
3459;2;1
3460;2;1
3461;2;1
3462;2;1
3463;2;1
3464;2;1
3465;2;1
3466;2;1
3467;2;1
3468;2;1
3469;2;1
3470;2;1
3471;2;1
3472;2;1
3473;2;1
3474;2;1
3475;2;1
3476;2;1
3477;2;1
3478;2;1
3479;2;1
3480;2;1
3481;2;1
3482;2;1
3483;2;1
3484;2;1
3485;2;1
3486;2;1
3487;2;1
3488;2;1
3489;2;1
3490;1;1
3491;1;1
3492;1;1
3493;1;1
3494;1;1
3495;1;1
3496;1;1
3497;1;1
3498;1;1
3499;1;1
3500;1;1
3501;1;1
3502;1;1
3503;1;1
3504;1;1
3505;1;1
3506;1;1
3507;1;1
3508;1;1
3509;1;1
3510;1;1
3511;1;0
3512;1;0
3513;1;0
3514;1;0
3515;1;0
3516;1;0
3517;1;0
3518;1;0
3519;1;0
3520;1;0
3521;1;0
3522;1;0
3523;1;0
3524;1;0
3525;1;0
3526;1;0
3527;1;0
3528;1;0
3529;1;0
3530;1;0
3531;1;0
3532;1;0
3533;1;0
3534;1;0
3535;1;0
3536;1;0
3537;1;0
3538;1;0
3539;1;0
3540;1;0
3541;1;0
3542;1;0
3543;1;0
3544;1;0
3545;1;0
3546;1;0
3547;1;0
3548;1;0
3549;1;0
3550;1;0
3551;1;0
3552;1;0
3553;1;0
3554;1;0
3555;1;0
3556;1;0
3557;1;0
3558;1;0
3559;1;0
3560;1;0
3561;1;0
3562;1;0
3563;1;0
3564;1;0
3565;1;0
3566;1;0
3567;1;0
3568;1;0
3569;1;0
3570;1;0
3571;1;0
3572;1;0
3573;1;0
3574;1;0
3575;1;0
3576;1;0
3577;1;0
3578;1;0
3579;1;0
3580;1;0
3581;1;0
3582;1;0
3583;1;0
3584;1;0
3585;1;0
3586;1;0
3587;1;0
3588;1;0
3589;1;0
3590;1;0
3591;1;0
3592;1;0
3593;1;0
3594;1;0
3595;1;0
3596;1;0
3597;1;0
3598;1;0
3599;1;0
3600;1;0
3601;1;0
3602;1;0
3603;1;0
3604;1;0
3605;1;0
3606;1;0
3607;1;0
3608;1;0
3609;1;0
3610;1;0
3611;1;0
3612;1;0
3613;1;0
3614;1;0
3615;1;0
3616;1;0
3617;1;0
3618;1;0
3619;1;0
3620;1;0
3621;1;0
3622;1;0
3623;1;0
3624;1;0
3625;1;0
3626;1;0
3627;1;0
3628;1;0
3629;1;0
3630;1;0
3631;1;0
3632;1;0
3633;1;0
3634;1;0
3635;1;0
3636;1;0
3637;1;0
3638;1;0
3639;1;0
3640;1;0
3641;1;0
3642;1;0
3643;1;0
3644;1;0
3645;1;0
3646;1;0
3647;1;0
3648;1;0
3649;1;0
3650;1;0
3651;1;1
3652;1;1
3653;1;1
3654;1;1
3655;1;1
3656;1;1
3657;1;1
3658;1;1
3659;1;1
3660;1;1
3661;1;1
3662;1;1
3663;1;1
3664;1;1
3665;1;1
3666;1;1
3667;1;1
3668;1;1
3669;1;1
3670;1;1
3671;1;1
3672;1;1
3673;1;1
3674;1;1
3675;1;1
3676;1;1
3677;1;1
3678;1;1
3679;1;1
3680;1;1
3681;1;1
3682;1;1
3683;1;1
3684;1;1
3685;1;1
3686;1;1
3687;1;1
3688;1;1
3689;1;1
3690;1;1
3691;1;1
3692;1;1
3693;1;1
3694;1;1
3695;1;1
3696;1;1
3697;1;1
3698;2;1
3699;2;1
3700;2;1
3701;2;1
3702;2;1
3703;2;1
3704;2;1
3705;2;1
3706;2;1
3707;2;1
3708;2;1
3709;2;1
3710;2;1
3711;2;1
3712;2;1
3713;2;1
3714;2;1
3715;2;1
3716;2;0
3717;2;0
3718;2;0
3719;2;0
3720;2;0
3721;2;0
3722;2;0
3723;2;0
3724;2;0
3725;2;0
3726;2;0
3727;2;0
3728;2;0
3729;2;0
3730;2;0
3731;2;0
3732;2;0
3733;2;0
3734;2;0
3735;2;0
3736;2;0
3737;2;0
3738;2;0
3739;2;0
3740;2;0
3741;2;0
3742;2;0
3743;2;0
3744;2;0
3745;2;0
3746;2;0
3747;2;0
3748;2;0
3749;2;0
3750;2;0
3751;2;0
3752;2;0
3753;2;0
3754;2;0
3755;2;0
3756;2;0
3757;2;0
3758;2;0
3759;2;0
3760;2;0
3761;2;0
3762;2;0
3763;2;0
3764;2;0
3765;2;0
3766;2;0
3767;2;0
3768;2;0
3769;2;0
3770;2;0
3771;2;0
3772;2;0
3773;2;0
3774;2;0
3775;2;0
3776;2;0
3777;2;0
3778;2;0
3779;2;0
3780;2;0
3781;2;0
3782;2;0
3783;2;0
3784;2;0
3785;2;0
3786;2;0
3787;2;0
3788;2;0
3789;2;0
3790;2;0
3791;2;0
3792;2;0
3793;2;0
3794;2;0
3795;2;0
3796;2;0
3797;2;0
3798;2;0
3799;2;0
3800;2;0
3801;2;0
3802;2;0
3803;2;0
3804;2;0
3805;2;0
3806;2;0
3807;2;0
3808;2;0
3809;2;0
3810;2;0
3811;2;0
3812;2;0
3813;2;0
3814;2;0
3815;2;0
3816;2;0
3817;2;0
3818;2;0
3819;2;0
3820;2;0
3821;2;0
3822;2;0
3823;2;0
3824;2;0
3825;2;0
3826;2;0
3827;2;0
3828;2;0
3829;2;0
3830;2;0
3831;2;0
3832;2;0
3833;2;0
3834;2;0
3835;2;0
3836;2;0
3837;2;0
3838;2;0
3839;2;0
3840;2;0
3841;2;0
3842;2;1
3843;2;1
3844;2;1
3845;2;1
3846;2;1
3847;2;1
3848;2;1
3849;2;1
3850;2;1
3851;2;1
3852;2;1
3853;2;1
3854;2;1
3855;2;1
3856;2;1
3857;2;1
3858;2;1
3859;2;1
3860;2;1
3861;2;1
3862;2;1
3863;2;1
3864;1;1
3865;1;1
3866;1;1
3867;1;1
3868;1;1
3869;1;1
3870;1;1
3871;1;1
3872;1;1
3873;1;1
3874;1;1
3875;1;1
3876;1;1
3877;1;1
3878;1;1
3879;1;1
3880;1;1
3881;1;1
3882;1;1
3883;1;0
3884;1;0
3885;1;0
3886;1;0
3887;1;0
3888;1;0
3889;1;0
3890;1;0
3891;1;0
3892;1;0
3893;1;0
3894;1;0
3895;1;0
3896;1;0
3897;1;0
3898;1;0
3899;1;0
3900;1;0
3901;1;0
3902;1;0
3903;1;0
3904;1;0
3905;1;0
3906;1;0
3907;1;0
3908;1;0
3909;1;0
3910;1;0
3911;1;0
3912;1;0
3913;1;0
3914;1;0
3915;1;0
3916;1;0
3917;1;0
3918;1;0
3919;1;0
3920;1;0
3921;1;0
3922;1;0
3923;1;0
3924;1;0
3925;1;0
3926;1;0
3927;1;0
3928;1;0
3929;1;0
3930;1;0
3931;1;0
3932;1;0
3933;1;0
3934;1;0
3935;1;0
3936;1;0
3937;1;0
3938;1;0
3939;1;0
3940;1;0
3941;1;0
3942;1;0
3943;1;0
3944;1;0
3945;1;0
3946;1;0
3947;1;0
3948;1;0
3949;1;0
3950;1;0
3951;1;0
3952;1;0
3953;1;0
3954;1;0
3955;1;0
3956;1;0
3957;1;0
3958;1;0
3959;1;0
3960;1;0
3961;1;0
3962;1;0
3963;1;0
3964;1;0
3965;1;0
3966;1;0
3967;1;0
3968;1;0
3969;1;0
3970;1;0
3971;1;0
3972;1;0
3973;1;0
3974;1;0
3975;1;0
3976;1;0
3977;1;0
3978;1;0
3979;1;0
3980;1;0
3981;1;0
3982;1;0
3983;1;0
3984;1;0
3985;1;0
3986;1;0
3987;1;0
3988;1;0
3989;1;0
3990;1;0
3991;1;0
3992;1;0
3993;1;0
3994;1;0
3995;1;0
3996;1;0
3997;1;0
3998;1;0
3999;1;0
4000;1;0
4001;1;1
4002;1;1
4003;1;1
4004;1;1
4005;1;1
4006;1;1
4007;1;1
4008;1;1
4009;1;1
4010;1;1
4011;1;1
4012;1;1
4013;1;1
4014;1;1
4015;1;1
4016;1;1
4017;1;1
4018;1;1
4019;1;1
4020;1;1
4021;1;1
4022;1;1
4023;1;1
4024;1;1
4025;1;1
4026;1;1
4027;1;1
4028;1;1
4029;1;1
4030;1;1
4031;1;1
4032;1;1
4033;1;1
4034;1;1
4035;1;1
4036;1;1
4037;1;1
4038;1;1
4039;2;1
4040;2;1
4041;2;1
4042;2;1
4043;2;1
4044;2;1
4045;2;1
4046;2;1
4047;2;1
4048;2;1
4049;2;1
4050;2;1
4051;2;1
4052;2;1
4053;2;1
4054;2;1
4055;2;1
4056;2;0
4057;2;0
4058;2;0
4059;2;0
4060;2;0
4061;2;0
4062;2;0
4063;2;0
4064;2;0
4065;2;0
4066;2;0
4067;2;0
4068;2;0
4069;2;0
4070;2;0
4071;2;0
4072;2;0
4073;2;0
4074;2;0
4075;2;0
4076;2;0
4077;2;0
4078;2;0
4079;2;0
4080;2;0
4081;2;0
4082;2;0
4083;2;0
4084;2;0
4085;2;0
4086;2;0
4087;2;0
4088;2;0
4089;2;0
4090;2;0
4091;2;0
4092;2;0
4093;2;0
4094;2;0
4095;2;0
4096;2;0
4097;2;0
4098;2;0
4099;2;0
4100;2;0
4101;2;0
4102;2;0
4103;2;0
4104;2;0
4105;2;0
4106;2;0
4107;2;0
4108;2;0
4109;2;0
4110;2;0
4111;2;0
4112;2;0
4113;2;0
4114;2;0
4115;2;0
4116;2;0
4117;2;0
4118;2;0
4119;2;0
4120;2;0
4121;2;0
4122;2;0
4123;2;0
4124;2;0
4125;2;0
4126;2;0
4127;2;0
4128;2;0
4129;2;0
4130;2;0
4131;2;0
4132;2;0
4133;2;0
4134;2;0
4135;2;0
4136;2;0
4137;2;0
4138;2;0
4139;2;0
4140;2;0
4141;2;0
4142;2;0
4143;2;0
4144;2;0
4145;2;0
4146;2;0
4147;2;0
4148;2;0
4149;2;0
4150;2;0
4151;2;0
4152;2;0
4153;2;0
4154;2;0
4155;2;0
4156;2;0
4157;2;0
4158;2;0
4159;2;0
4160;2;0
4161;2;0
4162;2;0
4163;2;0
4164;2;0
4165;2;0
4166;2;0
4167;2;0
4168;2;0
4169;2;0
4170;2;0
4171;2;0
4172;2;0
4173;2;0
4174;2;0
4175;2;0
4176;2;0
4177;2;0
4178;2;0
4179;2;0
4180;2;0
4181;2;0
4182;2;0
4183;2;0
4184;2;0
4185;2;0
4186;2;0
4187;2;0
4188;2;0
4189;2;0
4190;2;0
4191;2;0
4192;2;0
4193;2;0
4194;2;0
4195;2;0
4196;2;0
4197;2;0
4198;2;0
4199;2;1
4200;2;1
4201;2;1
4202;2;1
4203;2;1
4204;2;1
4205;2;1
4206;2;1
4207;2;1
4208;2;1
4209;2;1
4210;2;1
4211;2;1
4212;2;1
4213;2;1
4214;2;1
4215;2;1
4216;2;1
4217;2;1
4218;2;1
4219;2;1
4220;2;1
4221;2;1
4222;2;1
4223;2;1
4224;2;1
4225;2;1
4226;2;1
4227;2;1
4228;2;1
4229;2;1
4230;2;1
4231;2;1
4232;2;1
4233;2;1
4234;2;1
4235;2;1
4236;2;1
4237;2;1
4238;2;1
4239;2;1
4240;2;1
4241;2;1
4242;2;1
4243;2;1
4244;2;1
4245;3;1
4246;3;1
4247;3;1
4248;3;1
4249;3;1
4250;3;1
4251;3;1
4252;3;1
4253;3;1
4254;3;1
4255;3;0
4256;3;0
4257;3;0
4258;3;0
4259;3;0
4260;3;0
4261;3;0
4262;3;0
4263;3;0
4264;3;0
4265;3;0
4266;3;0
4267;3;0
4268;3;0
4269;3;0
4270;3;0
4271;3;0
4272;3;0
4273;3;0
4274;3;0
4275;3;0
4276;3;0
4277;3;0
4278;3;0
4279;3;0
4280;3;0
4281;3;0
4282;3;0
4283;3;0
4284;3;0
4285;3;0
4286;3;0
4287;3;0
4288;3;0
4289;3;0
4290;3;0
4291;3;0
4292;3;0
4293;3;0
4294;3;0
4295;3;0
4296;3;0
4297;3;0
4298;3;0
4299;3;0
4300;3;0
4301;3;0
4302;3;0
4303;3;0
4304;3;0
4305;3;0
4306;3;0
4307;3;0
4308;3;0
4309;3;0
4310;3;0
4311;3;0
4312;3;0
4313;3;0
4314;3;0
4315;3;0
4316;3;0
4317;3;0
4318;3;0
4319;3;0
4320;3;0
4321;3;0
4322;3;0
4323;3;0
4324;3;0
4325;3;0
4326;3;0
4327;3;0
4328;3;0
4329;3;0
4330;3;0
4331;3;0
4332;3;0
4333;3;0
4334;3;0
4335;3;0
4336;3;0
4337;3;0
4338;3;0
4339;3;0
4340;3;0
4341;3;0
4342;3;0
4343;3;0
4344;3;0
4345;3;0
4346;3;0
4347;3;0
4348;3;0
4349;3;0
4350;3;0
4351;3;0
4352;3;0
4353;3;0
4354;3;0
4355;3;0
4356;3;0
4357;3;0
4358;3;0
4359;3;0
4360;3;0
4361;3;0
4362;3;0
4363;3;0
4364;3;0
4365;3;0
4366;3;0
4367;3;0
4368;3;0
4369;3;0
4370;3;0
4371;3;0
4372;3;0
4373;3;0
4374;3;0
4375;3;0
4376;3;0
4377;3;0
4378;3;0
4379;3;0
4380;3;0
4381;3;0
4382;3;0
4383;3;0
4384;3;0
4385;3;0
4386;3;0
4387;3;0
4388;3;0
4389;3;0
4390;3;0
4391;3;0
4392;3;0
4393;3;0
4394;3;0
4395;3;0
4396;3;0
4397;3;0
4398;3;0
4399;3;0
4400;3;0
4401;3;0
4402;3;0
4403;3;0
4404;3;0
4405;3;0
4406;3;0
4407;3;0
4408;3;0
4409;3;0
4410;3;0
4411;3;0
4412;3;0
4413;3;0
4414;3;0
4415;3;0
4416;3;0
4417;3;0
4418;3;0
4419;3;0
4420;3;0
4421;3;0
4422;3;0
4423;3;0
4424;3;0
4425;3;0
4426;3;0
4427;3;0
4428;3;0
4429;3;0
4430;3;0
4431;3;0
4432;3;0
4433;3;0
4434;3;0
4435;3;0
4436;3;0
4437;3;0
4438;3;0
4439;3;0
4440;3;0
4441;3;1
4442;3;1
4443;3;1
4444;3;1
4445;3;1
4446;3;1
4447;3;1
4448;3;1
4449;3;1
4450;3;1
4451;3;1
4452;3;1
4453;3;1
4454;3;1
4455;3;1
4456;3;1
4457;3;1
4458;3;1
4459;3;1
4460;3;1
4461;3;1
4462;3;1
4463;3;1
4464;3;1
4465;3;1
4466;3;1
4467;3;1
4468;3;1
4469;3;1
4470;3;1
4471;3;1
4472;3;1
4473;3;1
4474;3;1
4475;3;1
4476;3;1
4477;3;1
4478;3;1
4479;3;1
4480;3;1
4481;3;1
4482;2;1
4483;2;1
4484;2;1
4485;2;1
4486;2;1
4487;2;1
4488;2;1
4489;2;1
4490;2;1
4491;2;1
4492;2;1
4493;2;1
4494;2;1
4495;2;1
4496;2;1
4497;2;1
4498;2;1
4499;2;1
4500;2;1
4501;2;0
4502;2;0
4503;2;0
4504;2;0
4505;2;0
4506;2;0
4507;2;0
4508;2;0
4509;2;0
4510;2;0
4511;2;0
4512;2;0
4513;2;0
4514;2;0
4515;2;0
4516;2;0
4517;2;0
4518;2;0
4519;2;0
4520;2;0
4521;2;0
4522;2;0
4523;2;0
4524;2;0
4525;2;0
4526;2;0
4527;2;0
4528;2;0
4529;2;0
4530;2;0
4531;2;0
4532;2;0
4533;2;0
4534;2;0
4535;2;0
4536;2;0
4537;2;0
4538;2;0
4539;2;0
4540;2;0
4541;2;0
4542;2;0
4543;2;0
4544;2;0
4545;2;0
4546;2;0
4547;2;0
4548;2;0
4549;2;0
4550;2;0
4551;2;0
4552;2;0
4553;2;0
4554;2;0
4555;2;0
4556;2;0
4557;2;0
4558;2;0
4559;2;0
4560;2;0
4561;2;0
4562;2;0
4563;2;0
4564;2;0
4565;2;0
4566;2;0
4567;2;0
4568;2;0
4569;2;0
4570;2;0
4571;2;0
4572;2;0
4573;2;0
4574;2;0
4575;2;0
4576;2;0
4577;2;0
4578;2;0
4579;2;0
4580;2;0
4581;2;0
4582;2;0
4583;2;0
4584;2;0
4585;2;0
4586;2;0
4587;2;0
4588;2;0
4589;2;0
4590;2;0
4591;2;0
4592;2;0
4593;2;0
4594;2;0
4595;2;0
4596;2;0
4597;2;0
4598;2;0
4599;2;0
4600;2;0
4601;2;0
4602;2;0
4603;2;0
4604;2;0
4605;2;0
4606;2;0
4607;2;0
4608;2;0
4609;2;0
4610;2;0
4611;2;0
4612;2;0
4613;2;0
4614;2;0
4615;2;0
4616;2;0
4617;2;0
4618;2;0
4619;2;0
4620;2;0
4621;2;0
4622;2;0
4623;2;0
4624;2;1
4625;2;1
4626;2;1
4627;2;1
4628;2;1
4629;2;1
4630;2;1
4631;2;1
4632;2;1
4633;2;1
4634;2;1
4635;2;1
4636;2;1
4637;2;1
4638;2;1
4639;2;1
4640;2;1
4641;2;1
4642;2;1
4643;2;1
4644;2;1
4645;2;1
4646;2;1
4647;2;1
4648;2;1
4649;2;1
4650;2;1
4651;2;1
4652;2;1
4653;2;1
4654;2;1
4655;2;1
4656;2;1
4657;2;1
4658;2;1
4659;2;1
4660;2;1
4661;1;1
4662;1;1
4663;1;1
4664;1;1
4665;1;1
4666;1;1
4667;1;1
4668;1;1
4669;1;1
4670;1;1
4671;1;1
4672;1;1
4673;1;1
4674;1;1
4675;1;1
4676;1;1
4677;1;1
4678;1;1
4679;1;1
4680;1;1
4681;1;1
4682;1;1
4683;1;1
4684;1;0
4685;1;0
4686;1;0
4687;1;0
4688;1;0
4689;1;0
4690;1;0
4691;1;0
4692;1;0
4693;1;0
4694;1;0
4695;1;0
4696;1;0
4697;1;0
4698;1;0
4699;1;0
4700;1;0
4701;1;0
4702;1;0
4703;1;0
4704;1;0
4705;1;0
4706;1;0
4707;1;0
4708;1;0
4709;1;0
4710;1;0
4711;1;0
4712;1;0
4713;1;0
4714;1;0
4715;1;0
4716;1;0
4717;1;0
4718;1;0
4719;1;0
4720;1;0
4721;1;0
4722;1;0
4723;1;0
4724;1;0
4725;1;0
4726;1;0
4727;1;0
4728;1;0
4729;1;0
4730;1;0
4731;1;0
4732;1;0
4733;1;0
4734;1;0
4735;1;0
4736;1;0
4737;1;0
4738;1;0
4739;1;0
4740;1;0
4741;1;0
4742;1;0
4743;1;0
4744;1;0
4745;1;0
4746;1;0
4747;1;0
4748;1;0
4749;1;0
4750;1;0
4751;1;0
4752;1;0
4753;1;0
4754;1;0
4755;1;0
4756;1;0
4757;1;0
4758;1;0
4759;1;0
4760;1;0
4761;1;0
4762;1;0
4763;1;0
4764;1;0
4765;1;0
4766;1;0
4767;1;0
4768;1;0
4769;1;0
4770;1;0
4771;1;0
4772;1;0
4773;1;0
4774;1;0
4775;1;0
4776;1;0
4777;1;0
4778;1;0
4779;1;0
4780;1;0
4781;1;0
4782;1;0
4783;1;0
4784;1;0
4785;1;0
4786;1;0
4787;1;0
4788;1;0
4789;1;0
4790;1;0
4791;1;0
4792;1;0
4793;1;0
4794;1;0
4795;1;0
4796;1;0
4797;1;0
4798;1;0
4799;1;0
4800;1;0
4801;1;0
4802;1;0
4803;1;0
4804;1;0
4805;1;0
4806;1;0
4807;1;0
4808;1;0
4809;1;0
4810;1;0
4811;1;0
4812;1;0
4813;1;0
4814;1;0
4815;1;0
4816;1;0
4817;1;0
4818;1;0
4819;1;0
4820;1;0
4821;1;0
4822;1;0
4823;1;1
4824;1;1
4825;1;1
4826;1;1
4827;1;1
4828;1;1
4829;1;1
4830;1;1
4831;1;1
4832;1;1
4833;1;1
4834;1;1
4835;1;1
4836;1;1
4837;1;1
4838;1;1
4839;1;1
4840;1;1
4841;1;1
4842;1;1
4843;1;1
4844;1;1
4845;1;1
4846;1;1
4847;1;1
4848;1;1
4849;1;1
4850;1;1
4851;1;1
4852;1;1
4853;1;1
4854;1;1
4855;1;1
4856;1;1
4857;1;1
4858;1;1
4859;1;1
4860;1;1
4861;1;1
4862;1;1
4863;2;1
4864;2;1
4865;2;1
4866;2;1
4867;2;1
4868;2;1
4869;2;1
4870;2;1
4871;2;1
4872;2;1
4873;2;1
4874;2;1
4875;2;1
4876;2;1
4877;2;1
4878;2;1
4879;2;0
4880;2;0
4881;2;0
4882;2;0
4883;2;0
4884;2;0
4885;2;0
4886;2;0
4887;2;0
4888;2;0
4889;2;0
4890;2;0
4891;2;0
4892;2;0
4893;2;0
4894;2;0
4895;2;0
4896;2;0
4897;2;0
4898;2;0
4899;2;0
4900;2;0
4901;2;0
4902;2;0
4903;2;0
4904;2;0
4905;2;0
4906;2;0
4907;2;0
4908;2;0
4909;2;0
4910;2;0
4911;2;0
4912;2;0
4913;2;0
4914;2;0
4915;2;0
4916;2;0
4917;2;0
4918;2;0
4919;2;0
4920;2;0
4921;2;0
4922;2;0
4923;2;0
4924;2;0
4925;2;0
4926;2;0
4927;2;0
4928;2;0
4929;2;0
4930;2;0
4931;2;0
4932;2;0
4933;2;0
4934;2;0
4935;2;0
4936;2;0
4937;2;0
4938;2;0
4939;2;0
4940;2;0
4941;2;0
4942;2;0
4943;2;0
4944;2;0
4945;2;0
4946;2;0
4947;2;0
4948;2;0
4949;2;0
4950;2;0
4951;2;0
4952;2;0
4953;2;0
4954;2;0
4955;2;0
4956;2;0
4957;2;0
4958;2;0
4959;2;0
4960;2;0
4961;2;0
4962;2;0
4963;2;0
4964;2;0
4965;2;0
4966;2;0
4967;2;0
4968;2;0
4969;2;0
4970;2;0
4971;2;0
4972;2;0
4973;2;0
4974;2;0
4975;2;0
4976;2;0
4977;2;0
4978;2;0
4979;2;0
4980;2;0
4981;2;0
4982;2;0
4983;2;0
4984;2;0
4985;2;0
4986;2;0
4987;2;0
4988;2;0
4989;2;0
4990;2;0
4991;2;0
4992;2;0
4993;2;0
4994;2;0
4995;2;0
4996;2;0
4997;2;0
4998;2;0
4999;2;0
5000;2;0
5001;2;0
5002;2;0
5003;2;0
5004;2;0
5005;2;0
5006;2;0
5007;2;0
5008;2;0
5009;2;0
5010;2;0
5011;2;0
5012;2;0
5013;2;0
5014;2;0
5015;2;0
5016;2;0
5017;2;0
5018;2;0
5019;2;0
5020;2;0
5021;2;0
5022;2;0
5023;2;0
5024;2;0
5025;2;0
5026;2;0
5027;2;0
5028;2;0
5029;2;0
5030;2;0
5031;2;0
5032;2;0
5033;2;0
5034;2;0
5035;2;0
5036;2;0
5037;2;0
5038;2;0
5039;2;0
5040;2;0
5041;2;0
5042;2;0
5043;2;0
5044;2;0
5045;2;0
5046;2;0
5047;2;0
5048;2;0
5049;2;0
5050;2;0
5051;2;0
5052;2;0
5053;2;0
5054;2;0
5055;2;0
5056;2;0
5057;2;0
5058;2;0
5059;2;0
5060;2;0
5061;2;0
5062;2;0
5063;2;0
5064;2;0
5065;2;0
5066;2;0
5067;2;0
5068;2;0
5069;2;0
5070;2;0
5071;2;0
5072;2;0
5073;2;0
5074;2;0
5075;2;0
5076;2;0
5077;2;0
5078;2;0
5079;2;0
5080;2;0
5081;2;0
5082;2;0
5083;2;0
5084;2;0
5085;2;0
5086;2;0
5087;2;0
5088;2;0
5089;2;0
5090;2;0
5091;2;0
5092;2;0
5093;2;0
5094;2;0
5095;2;0
5096;2;0
5097;2;0
5098;2;0
5099;2;0
5100;2;0
5101;2;0
5102;2;0
5103;2;0
5104;2;0
5105;2;0
5106;2;0
5107;2;0
5108;2;0
5109;2;0
5110;2;0
5111;2;0
5112;2;0
5113;2;0
5114;2;0
5115;2;0
5116;2;0
5117;2;0
5118;2;0
5119;2;0
5120;2;0
5121;2;0
5122;2;0
5123;2;0
5124;2;0
5125;2;0
5126;2;0
5127;2;0
5128;2;0
5129;2;0
5130;2;0
5131;2;0
5132;2;0
5133;2;0
5134;2;0
5135;2;1
5136;2;1
5137;2;1
5138;2;1
5139;2;1
5140;2;1
5141;2;1
5142;2;1
5143;2;1
5144;2;1
5145;2;1
5146;2;1
5147;2;1
5148;2;1
5149;2;1
5150;2;1
5151;2;1
5152;2;1
5153;2;1
5154;2;1
5155;2;1
5156;2;1
5157;2;1
5158;2;1
5159;2;1
5160;2;1
5161;2;1
5162;2;1
5163;2;1
5164;2;1
5165;2;1
5166;2;1
5167;2;1
5168;2;1
5169;2;1
5170;2;1
5171;2;1
5172;2;1
5173;2;1
5174;2;1
5175;3;1
5176;3;1
5177;3;1
5178;3;1
5179;3;1
5180;3;1
5181;3;1
5182;3;1
5183;3;1
5184;3;1
5185;3;1
5186;3;1
5187;3;1
5188;3;1
5189;3;1
5190;3;1
5191;3;1
5192;3;1
5193;3;1
5194;3;1
5195;3;1
5196;3;1
5197;3;0
5198;3;0
5199;3;0
5200;3;0
5201;3;0
5202;3;0
5203;3;0
5204;3;0
5205;3;0
5206;3;0
5207;3;0
5208;3;0
5209;3;0
5210;3;0
5211;3;0
5212;3;0
5213;3;0
5214;3;0
5215;3;0
5216;3;0
5217;3;0
5218;3;0
5219;3;0
5220;3;0
5221;3;0
5222;3;0
5223;3;0
5224;3;0
5225;3;0
5226;3;0
5227;3;0
5228;3;0
5229;3;0
5230;3;0
5231;3;0
5232;3;0
5233;3;0
5234;3;0
5235;3;0
5236;3;0
5237;3;0
5238;3;0
5239;3;0
5240;3;0
5241;3;0
5242;3;0
5243;3;0
5244;3;0
5245;3;0
5246;3;0
5247;3;0
5248;3;0
5249;3;0
5250;3;0
5251;3;0
5252;3;0
5253;3;0
5254;3;0
5255;3;0
5256;3;0
5257;3;0
5258;3;0
5259;3;0
5260;3;0
5261;3;0
5262;3;0
5263;3;0
5264;3;0
5265;3;0
5266;3;0
5267;3;0
5268;3;0
5269;3;0
5270;3;0
5271;3;0
5272;3;0
5273;3;0
5274;3;0
5275;3;0
5276;3;0
5277;3;0
5278;3;0
5279;3;0
5280;3;0
5281;3;0
5282;3;0
5283;3;1
5284;3;1
5285;3;1
5286;3;1
5287;3;1
5288;3;1
5289;3;1
5290;3;1
5291;3;1
5292;3;1
5293;3;1
5294;3;1
5295;3;1
5296;3;1
5297;3;1
5298;3;1
5299;3;1
5300;3;1
5301;3;1
5302;3;1
5303;3;1
5304;2;1
5305;2;1
5306;2;1
5307;2;1
5308;2;1
5309;2;1
5310;2;1
5311;2;1
5312;2;1
5313;2;1
5314;2;1
5315;2;1
5316;2;1
5317;2;1
5318;2;1
5319;2;1
5320;2;1
5321;2;1
5322;2;1
5323;2;0
5324;2;0
5325;2;0
5326;2;0
5327;2;0
5328;2;0
5329;2;0
5330;2;0
5331;2;0
5332;2;0
5333;2;0
5334;2;0
5335;2;0
5336;2;0
5337;2;0
5338;2;0
5339;2;0
5340;2;0
5341;2;0
5342;2;0
5343;2;0
5344;2;0
5345;2;0
5346;2;0
5347;2;0
5348;2;0
5349;2;0
5350;2;0
5351;2;0
5352;2;0
5353;2;0
5354;2;0
5355;2;0
5356;2;0
5357;2;0
5358;2;0
5359;2;0
5360;2;0
5361;2;0
5362;2;0
5363;2;0
5364;2;0
5365;2;0
5366;2;0
5367;2;0
5368;2;0
5369;2;0
5370;2;0
5371;2;0
5372;2;0
5373;2;0
5374;2;0
5375;2;0
5376;2;0
5377;2;0
5378;2;0
5379;2;0
5380;2;0
5381;2;0
5382;2;0
5383;2;0
5384;2;0
5385;2;0
5386;2;0
5387;2;0
5388;2;0
5389;2;0
5390;2;0
5391;2;0
5392;2;0
5393;2;0
5394;2;0
5395;2;0
5396;2;0
5397;2;0
5398;2;0
5399;2;0
5400;2;0
5401;2;0
5402;2;0
5403;2;0
5404;2;0
5405;2;0
5406;2;0
5407;2;0
5408;2;0
5409;2;0
5410;2;0
5411;2;0
5412;2;0
5413;2;0
5414;2;0
5415;2;0
5416;2;0
5417;2;0
5418;2;0
5419;2;0
5420;2;0
5421;2;0
5422;2;0
5423;2;0
5424;2;0
5425;2;0
5426;2;0
5427;2;0
5428;2;0
5429;2;0
5430;2;0
5431;2;0
5432;2;0
5433;2;0
5434;2;0
5435;2;0
5436;2;0
5437;2;0
5438;2;0
5439;2;0
5440;2;0
5441;2;0
5442;2;0
5443;2;0
5444;2;0
5445;2;0
5446;2;0
5447;2;0
5448;2;0
5449;2;0
5450;2;0
5451;2;0
5452;2;0
5453;2;0
5454;2;0
5455;2;0
5456;2;0
5457;2;0
5458;2;0
5459;2;0
5460;2;0
5461;2;0
5462;2;0
5463;2;0
5464;2;0
5465;2;0
5466;2;0
5467;2;0
5468;2;0
5469;2;0
5470;2;0
5471;2;0
5472;2;0
5473;2;0
5474;2;0
5475;2;0
5476;2;0
5477;2;0
5478;2;0
5479;2;0
5480;2;0
5481;2;0
5482;2;0
5483;2;0
5484;2;0
5485;2;0
5486;2;0
5487;2;0
5488;2;0
5489;2;0
5490;2;0
5491;2;0
5492;2;0
5493;2;0
5494;2;0
5495;2;0
5496;2;0
5497;2;0
5498;2;0
5499;2;0
5500;2;0
5501;2;0
5502;2;0
5503;2;0
5504;2;0
5505;2;0
5506;2;0
5507;2;0
5508;2;0
5509;2;0
5510;2;0
5511;2;0
5512;2;0
5513;2;0
5514;2;0
5515;2;0
5516;2;0
5517;2;0
5518;2;0
5519;2;0
5520;2;0
5521;2;0
5522;2;0
5523;2;0
5524;2;0
5525;2;0
5526;2;0
5527;2;0
5528;2;0
5529;2;0
5530;2;0
5531;2;0
5532;2;0
5533;2;0
5534;2;0
5535;2;0
5536;2;0
5537;2;0
5538;2;0
5539;2;0
5540;2;0
5541;2;0
5542;2;0
5543;2;0
5544;2;0
5545;2;0
5546;2;0
5547;2;0
5548;2;0
5549;2;0
5550;2;0
5551;2;1
5552;2;1
5553;2;1
5554;2;1
5555;2;1
5556;2;1
5557;2;1
5558;2;1
5559;2;1
5560;2;1
5561;2;1
5562;2;1
5563;2;1
5564;2;1
5565;2;1
5566;2;1
5567;2;1
5568;2;1
5569;2;1
5570;2;1
5571;2;1
5572;2;1
5573;2;1
5574;2;1
5575;2;1
5576;2;1
5577;2;1
5578;2;1
5579;2;1
5580;2;1
5581;2;1
5582;2;1
5583;2;1
5584;2;1
5585;2;1
5586;2;1
5587;2;1
5588;2;1
5589;2;1
5590;2;1
5591;2;1
5592;2;1
5593;2;1
5594;2;1
5595;2;1
5596;2;1
5597;3;1
5598;3;1
5599;3;1
5600;3;1
5601;3;1
5602;3;1
5603;3;1
5604;3;1
5605;3;1
5606;3;1
5607;3;1
5608;3;1
5609;3;1
5610;3;1
5611;3;1
5612;3;1
5613;3;1
5614;3;1
5615;3;1
5616;3;1
5617;3;1
5618;3;1
5619;3;0
5620;3;0
5621;3;0
5622;3;0
5623;3;0
5624;3;0
5625;3;0
5626;3;0
5627;3;0
5628;3;0
5629;3;0
5630;3;0
5631;3;0
5632;3;0
5633;3;0
5634;3;0
5635;3;0
5636;3;0
5637;3;0
5638;3;0
5639;3;0
5640;3;0
5641;3;0
5642;3;0
5643;3;0
5644;3;0
5645;3;0
5646;3;0
5647;3;0
5648;3;0
5649;3;0
5650;3;0
5651;3;0
5652;3;0
5653;3;0
5654;3;0
5655;3;0
5656;3;0
5657;3;0
5658;3;0
5659;3;0
5660;3;0
5661;3;0
5662;3;0
5663;3;0
5664;3;0
5665;3;0
5666;3;0
5667;3;0
5668;3;0
5669;3;0
5670;3;0
5671;3;0
5672;3;0
5673;3;0
5674;3;0
5675;3;0
5676;3;0
5677;3;0
5678;3;0
5679;3;0
5680;3;0
5681;3;0
5682;3;0
5683;3;0
5684;3;0
5685;3;0
5686;3;0
5687;3;0
5688;3;0
5689;3;0
5690;3;0
5691;3;0
5692;3;0
5693;3;0
5694;3;0
5695;3;0
5696;3;0
5697;3;0
5698;3;0
5699;3;0
5700;3;0
5701;3;0
5702;3;0
5703;3;0
5704;3;0
5705;3;0
5706;3;0
5707;3;0
5708;3;0
5709;3;0
5710;3;0
5711;3;0
5712;3;0
5713;3;0
5714;3;0
5715;3;0
5716;3;0
5717;3;0
5718;3;0
5719;3;0
5720;3;0
5721;3;0
5722;3;0
5723;3;0
5724;3;0
5725;3;0
5726;3;0
5727;3;0
5728;3;0
5729;3;0
5730;3;0
5731;3;0
5732;3;0
5733;3;0
5734;3;0
5735;3;0
5736;3;0
5737;3;0
5738;3;0
5739;3;0
5740;3;0
5741;3;0
5742;3;0
5743;3;0
5744;3;0
5745;3;0
5746;3;0
5747;3;0
5748;3;0
5749;3;0
5750;3;0
5751;3;0
5752;3;0
5753;3;0
5754;3;0
5755;3;0
5756;3;0
5757;3;0
5758;3;0
5759;3;0
5760;3;0
5761;3;0
5762;3;0
5763;3;0
5764;3;0
5765;3;0
5766;3;0
5767;3;0
5768;3;0
5769;3;0
5770;3;0
5771;3;0
5772;3;0
5773;3;0
5774;3;0
5775;3;0
5776;3;0
5777;3;0
5778;3;0
5779;3;0
5780;3;0
5781;3;0
5782;3;0
5783;3;0
5784;3;0
5785;3;0
5786;3;0
5787;3;0
5788;3;0
5789;3;0
5790;3;0
5791;3;0
5792;3;0
5793;3;0
5794;3;0
5795;3;0
5796;3;0
5797;3;0
5798;3;0
5799;3;0
5800;3;0
5801;3;0
5802;3;1
5803;3;1
5804;3;1
5805;3;1
5806;3;1
5807;3;1
5808;3;1
5809;3;1
5810;3;1
5811;3;1
5812;3;1
5813;3;1
5814;3;1
5815;3;1
5816;3;1
5817;3;1
5818;3;1
5819;3;1
5820;3;1
5821;3;1
5822;3;1
5823;3;1
5824;3;1
5825;3;1
5826;3;1
5827;3;1
5828;3;1
5829;3;1
5830;3;1
5831;3;1
5832;3;1
5833;3;1
5834;3;1
5835;3;1
5836;3;1
5837;3;1
5838;3;1
5839;3;1
5840;3;1
5841;3;1
5842;2;1
5843;2;1
5844;2;1
5845;2;1
5846;2;1
5847;2;1
5848;2;1
5849;2;1
5850;2;1
5851;2;1
5852;2;1
5853;2;1
5854;2;1
5855;2;1
5856;2;1
5857;2;1
5858;2;1
5859;2;1
5860;2;0
5861;2;0
5862;2;0
5863;2;0
5864;2;0
5865;2;0
5866;2;0
5867;2;0
5868;2;0
5869;2;0
5870;2;0
5871;2;0
5872;2;0
5873;2;0
5874;2;0
5875;2;0
5876;2;0
5877;2;0
5878;2;0
5879;2;0
5880;2;0
5881;2;0
5882;2;0
5883;2;0
5884;2;0
5885;2;0
5886;2;0
5887;2;0
5888;2;0
5889;2;0
5890;2;0
5891;2;0
5892;2;0
5893;2;0
5894;2;0
5895;2;0
5896;2;0
5897;2;0
5898;2;0
5899;2;0
5900;2;0
5901;2;0
5902;2;0
5903;2;0
5904;2;0
5905;2;0
5906;2;0
5907;2;0
5908;2;0
5909;2;0
5910;2;0
5911;2;0
5912;2;0
5913;2;0
5914;2;0
5915;2;0
5916;2;0
5917;2;0
5918;2;0
5919;2;0
5920;2;0
5921;2;0
5922;2;0
5923;2;0
5924;2;0
5925;2;0
5926;2;0
5927;2;0
5928;2;0
5929;2;0
5930;2;0
5931;2;0
5932;2;0
5933;2;0
5934;2;0
5935;2;0
5936;2;0
5937;2;0
5938;2;0
5939;2;0
5940;2;0
5941;2;0
5942;2;0
5943;2;0
5944;2;0
5945;2;0
5946;2;0
5947;2;0
5948;2;0
5949;2;0
5950;2;0
5951;2;0
5952;2;0
5953;2;0
5954;2;0
5955;2;0
5956;2;0
5957;2;0
5958;2;0
5959;2;0
5960;2;0
5961;2;0
5962;2;0
5963;2;0
5964;2;0
5965;2;0
5966;2;0
5967;2;0
5968;2;0
5969;2;0
5970;2;0
5971;2;0
5972;2;0
5973;2;0
5974;2;0
5975;2;0
5976;2;0
5977;2;0
5978;2;0
5979;2;0
5980;2;0
5981;2;1
5982;2;1
5983;2;1
5984;2;1
5985;2;1
5986;2;1
5987;2;1
5988;2;1
5989;2;1
5990;2;1
5991;2;1
5992;2;1
5993;2;1
5994;2;1
5995;2;1
5996;2;1
5997;2;1
5998;2;1
5999;2;1
6000;2;1
6001;2;1
6002;2;1
6003;2;1
6004;2;1
6005;2;1
6006;2;1
6007;2;1
6008;2;1
6009;2;1
6010;2;1
6011;1;1
6012;1;1
6013;1;1
6014;1;1
6015;1;1
6016;1;1
6017;1;1
6018;1;1
6019;1;1
6020;1;1
6021;1;1
6022;1;1
6023;1;1
6024;1;1
6025;1;1
6026;1;1
6027;1;1
6028;1;1
6029;1;1
6030;1;1
6031;1;1
6032;1;0
6033;1;0
6034;1;0
6035;1;0
6036;1;0
6037;1;0
6038;1;0
6039;1;0
6040;1;0
6041;1;0
6042;1;0
6043;1;0
6044;1;0
6045;1;0
6046;1;0
6047;1;0
6048;1;0
6049;1;0
6050;1;0
6051;1;0
6052;1;0
6053;1;0
6054;1;0
6055;1;0
6056;1;0
6057;1;0
6058;1;0
6059;1;0
6060;1;0
6061;1;0
6062;1;0
6063;1;0
6064;1;0
6065;1;0
6066;1;0
6067;1;0
6068;1;0
6069;1;0
6070;1;0
6071;1;0
6072;1;0
6073;1;0
6074;1;0
6075;1;0
6076;1;0
6077;1;0
6078;1;0
6079;1;0
6080;1;0
6081;1;0
6082;1;0
6083;1;0
6084;1;0
6085;1;0
6086;1;0
6087;1;0
6088;1;0
6089;1;0
6090;1;0
6091;1;0
6092;1;0
6093;1;0
6094;1;0
6095;1;0
6096;1;0
6097;1;0
6098;1;0
6099;1;0
6100;1;0
6101;1;0
6102;1;0
6103;1;0
6104;1;0
6105;1;0
6106;1;0
6107;1;0
6108;1;0
6109;1;0
6110;1;0
6111;1;0
6112;1;0
6113;1;0
6114;1;0
6115;1;0
6116;1;0
6117;1;0
6118;1;0
6119;1;0
6120;1;0
6121;1;0
6122;1;0
6123;1;0
6124;1;0
6125;1;0
6126;1;0
6127;1;0
6128;1;0
6129;1;0
6130;1;0
6131;1;0
6132;1;0
6133;1;0
6134;1;0
6135;1;0
6136;1;0
6137;1;0
6138;1;0
6139;1;0
6140;1;0
6141;1;0
6142;1;0
6143;1;0
6144;1;0
6145;1;0
6146;1;0
6147;1;0
6148;1;0
6149;1;0
6150;1;0
6151;1;0
6152;1;0
6153;1;0
6154;1;0
6155;1;0
6156;1;0
6157;1;0
6158;1;0
6159;1;0
6160;1;0
6161;1;0
6162;1;0
6163;1;0
6164;1;0
6165;1;0
6166;1;0
6167;1;0
6168;1;0
6169;1;0
6170;1;0
6171;1;0
6172;1;0
6173;1;0
6174;1;0
6175;1;0
6176;1;0
6177;1;0
6178;1;0
6179;1;0
6180;1;0
6181;1;0
6182;1;0
6183;1;0
6184;1;0
6185;1;0
6186;1;0
6187;1;0
6188;1;0
6189;1;0
6190;1;0
6191;1;0
6192;1;0
6193;1;0
6194;1;0
6195;1;0
6196;1;0
6197;1;0
6198;1;0
6199;1;0
6200;1;0
6201;1;0
6202;1;0
6203;1;0
6204;1;0
6205;1;0
6206;1;0
6207;1;0
6208;1;0
6209;1;0
6210;1;0
6211;1;0
6212;1;0
6213;1;0
6214;1;0
6215;1;1
6216;1;1
6217;1;1
6218;1;1
6219;1;1
6220;1;1
6221;1;1
6222;1;1
6223;1;1
6224;1;1
6225;1;1
6226;1;1
6227;1;1
6228;1;1
6229;1;1
6230;1;1
6231;1;1
6232;1;1
6233;1;1
6234;1;1
6235;1;1
6236;1;1
6237;1;1
6238;1;1
6239;1;1
6240;1;1
6241;1;1
6242;1;1
6243;1;1
6244;1;1
6245;1;1
6246;1;1
6247;1;1
6248;1;1
6249;1;1
6250;1;1
6251;1;1
6252;1;1
6253;1;1
6254;1;1
6255;1;1
6256;1;1
6257;1;1
6258;1;1
6259;1;1
6260;1;1
6261;1;1
6262;1;1
6263;2;1
6264;2;1
6265;2;1
6266;2;1
6267;2;1
6268;2;1
6269;2;1
6270;2;1
6271;2;1
6272;2;1
6273;2;1
6274;2;1
6275;2;1
6276;2;1
6277;2;1
6278;2;1
6279;2;1
6280;2;1
6281;2;1
6282;2;1
6283;2;0
6284;2;0
6285;2;0
6286;2;0
6287;2;0
6288;2;0
6289;2;0
6290;2;0
6291;2;0
6292;2;0
6293;2;0
6294;2;0
6295;2;0
6296;2;0
6297;2;0
6298;2;0
6299;2;0
6300;2;0
6301;2;0
6302;2;0
6303;2;0
6304;2;0
6305;2;0
6306;2;0
6307;2;0
6308;2;0
6309;2;0
6310;2;0
6311;2;0
6312;2;0
6313;2;0
6314;2;0
6315;2;0
6316;2;0
6317;2;0
6318;2;0
6319;2;0
6320;2;0
6321;2;0
6322;2;0
6323;2;0
6324;2;0
6325;2;0
6326;2;0
6327;2;0
6328;2;0
6329;2;0
6330;2;0
6331;2;0
6332;2;0
6333;2;0
6334;2;0
6335;2;0
6336;2;0
6337;2;0
6338;2;0
6339;2;0
6340;2;0
6341;2;0
6342;2;0
6343;2;0
6344;2;0
6345;2;0
6346;2;0
6347;2;0
6348;2;0
6349;2;0
6350;2;0
6351;2;0
6352;2;0
6353;2;0
6354;2;0
6355;2;0
6356;2;0
6357;2;0
6358;2;0
6359;2;0
6360;2;0
6361;2;0
6362;2;0
6363;2;0
6364;2;0
6365;2;0
6366;2;0
6367;2;0
6368;2;0
6369;2;0
6370;2;0
6371;2;0
6372;2;0
6373;2;0
6374;2;0
6375;2;0
6376;2;0
6377;2;0
6378;2;0
6379;2;0
6380;2;0
6381;2;0
6382;2;0
6383;2;0
6384;2;0
6385;2;0
6386;2;0
6387;2;0
6388;2;0
6389;2;0
6390;2;0
6391;2;0
6392;2;0
6393;2;0
6394;2;0
6395;2;0
6396;2;0
6397;2;0
6398;2;0
6399;2;0
6400;2;0
6401;2;1
6402;2;1
6403;2;1
6404;2;1
6405;2;1
6406;2;1
6407;2;1
6408;2;1
6409;2;1
6410;2;1
6411;2;1
6412;2;1
6413;2;1
6414;2;1
6415;2;1
6416;2;1
6417;2;1
6418;2;1
6419;2;1
6420;2;1
6421;2;1
6422;2;1
6423;2;1
6424;2;1
6425;2;1
6426;2;1
6427;2;1
6428;2;1
6429;2;1
6430;2;1
6431;2;1
6432;2;1
6433;2;1
6434;2;1
6435;2;1
6436;2;1
6437;2;1
6438;2;1
6439;2;1
6440;2;1
6441;2;1
6442;2;1
6443;2;1
6444;2;1
6445;2;1
6446;2;1
6447;2;1
6448;2;1
6449;2;1
6450;3;1
6451;3;1
6452;3;1
6453;3;1
6454;3;1
6455;3;1
6456;3;1
6457;3;1
6458;3;1
6459;3;1
6460;3;1
6461;3;1
6462;3;1
6463;3;1
6464;3;0
6465;3;0
6466;3;0
6467;3;0
6468;3;0
6469;3;0
6470;3;0
6471;3;0
6472;3;0
6473;3;0
6474;3;0
6475;3;0
6476;3;0
6477;3;0
6478;3;0
6479;3;0
6480;3;0
6481;3;0
6482;3;0
6483;3;0
6484;3;0
6485;3;0
6486;3;0
6487;3;0
6488;3;0
6489;3;0
6490;3;0
6491;3;0
6492;3;0
6493;3;0
6494;3;0
6495;3;0
6496;3;0
6497;3;0
6498;3;0
6499;3;0
6500;3;0
6501;3;0
6502;3;0
6503;3;0
6504;3;0
6505;3;0
6506;3;0
6507;3;0
6508;3;0
6509;3;0
6510;3;0
6511;3;0
6512;3;0
6513;3;0
6514;3;0
6515;3;0
6516;3;0
6517;3;0
6518;3;0
6519;3;0
6520;3;0
6521;3;0
6522;3;0
6523;3;0
6524;3;0
6525;3;0
6526;3;0
6527;3;0
6528;3;0
6529;3;0
6530;3;0
6531;3;0
6532;3;0
6533;3;0
6534;3;0
6535;3;0
6536;3;0
6537;3;0
6538;3;0
6539;3;0
6540;3;0
6541;3;0
6542;3;0
6543;3;0
6544;3;0
6545;3;0
6546;3;0
6547;3;0
6548;3;0
6549;3;0
6550;3;0
6551;3;0
6552;3;0
6553;3;0
6554;3;0
6555;3;0
6556;3;0
6557;3;0
6558;3;0
6559;3;0
6560;3;0
6561;3;0
6562;3;0
6563;3;0
6564;3;0
6565;3;0
6566;3;0
6567;3;0
6568;3;0
6569;3;0
6570;3;0
6571;3;0
6572;3;0
6573;3;0
6574;3;0
6575;3;0
6576;3;0
6577;3;0
6578;3;0
6579;3;0
6580;3;0
6581;3;0
6582;3;0
6583;3;0
6584;3;0
6585;3;0
6586;3;0
6587;3;0
6588;3;0
6589;3;0
6590;3;0
6591;3;0
6592;3;0
6593;3;0
6594;3;0
6595;3;0
6596;3;0
6597;3;0
6598;3;0
6599;3;0
6600;3;0
6601;3;0
6602;3;0
6603;3;0
6604;3;0
6605;3;0
6606;3;0
6607;3;0
6608;3;0
6609;3;0
6610;3;0
6611;3;0
6612;3;0
6613;3;0
6614;3;0
6615;3;0
6616;3;0
6617;3;0
6618;3;0
6619;3;0
6620;3;0
6621;3;0
6622;3;0
6623;3;0
6624;3;0
6625;3;0
6626;3;0
6627;3;0
6628;3;0
6629;3;0
6630;3;0
6631;3;0
6632;3;0
6633;3;0
6634;3;0
6635;3;0
6636;3;0
6637;3;0
6638;3;0
6639;3;0
6640;3;0
6641;3;0
6642;3;0
6643;3;0
6644;3;0
6645;3;0
6646;3;0
6647;3;0
6648;3;0
6649;3;0
6650;3;0
6651;3;0
6652;3;0
6653;3;0
6654;3;0
6655;3;0
6656;3;0
6657;3;0
6658;3;0
6659;3;0
6660;3;0
6661;3;0
6662;3;0
6663;3;0
6664;3;0
6665;3;0
6666;3;0
6667;3;0
6668;3;0
6669;3;0
6670;3;0
6671;3;0
6672;3;0
6673;3;0
6674;3;0
6675;3;0
6676;3;0
6677;3;0
6678;3;0
6679;3;0
6680;3;0
6681;3;0
6682;3;0
6683;3;0
6684;3;0
6685;3;0
6686;3;0
6687;3;0
6688;3;0
6689;3;0
6690;3;0
6691;3;0
6692;3;0
6693;3;0
6694;3;0
6695;3;0
6696;3;0
6697;3;0
6698;3;0
6699;3;0
6700;3;0
6701;3;0
6702;3;0
6703;3;0
6704;3;0
6705;3;0
6706;3;0
6707;3;0
6708;3;0
6709;3;0
6710;3;0
6711;3;0
6712;3;0
6713;3;0
6714;3;0
6715;3;0
6716;3;0
6717;3;0
6718;3;0
6719;3;0
6720;3;0
6721;3;0
6722;3;0
6723;3;0
6724;3;0
6725;3;0
6726;3;0
6727;3;0
6728;3;0
6729;3;0
6730;3;0
6731;3;0
6732;3;0
6733;3;0
6734;3;0
6735;3;0
6736;3;0
6737;3;0
6738;3;0
6739;3;0
6740;3;0
6741;3;0
6742;3;0
6743;3;0
6744;3;0
6745;3;0
6746;3;0
6747;3;0
6748;3;0
6749;3;0
6750;3;0
6751;3;1
6752;3;1
6753;3;1
6754;3;1
6755;3;1
6756;3;1
6757;3;1
6758;3;1
6759;3;1
6760;3;1
6761;3;1
6762;3;1
6763;3;1
6764;3;1
6765;3;1
6766;3;1
6767;3;1
6768;3;1
6769;3;1
6770;3;1
6771;3;1
6772;3;1
6773;3;1
6774;3;1
6775;3;1
6776;3;1
6777;3;1
6778;3;1
6779;3;1
6780;3;1
6781;3;1
6782;3;1
6783;3;1
6784;3;1
6785;3;1
6786;3;1
6787;3;1
6788;3;1
6789;3;1
6790;3;1
6791;3;1
6792;2;1
6793;2;1
6794;2;1
6795;2;1
6796;2;1
6797;2;1
6798;2;1
6799;2;1
6800;2;1
6801;2;1
6802;2;1
6803;2;1
6804;2;1
6805;2;1
6806;2;1
6807;2;1
6808;2;1
6809;2;1
6810;2;1
6811;2;1
6812;2;0
6813;2;0
6814;2;0
6815;2;0
6816;2;0
6817;2;0
6818;2;0
6819;2;0
6820;2;0
6821;2;0
6822;2;0
6823;2;0
6824;2;0
6825;2;0
6826;2;0
6827;2;0
6828;2;0
6829;2;0
6830;2;0
6831;2;0
6832;2;0
6833;2;0
6834;2;0
6835;2;0
6836;2;0
6837;2;0
6838;2;0
6839;2;0
6840;2;0
6841;2;0
6842;2;0
6843;2;0
6844;2;0
6845;2;0
6846;2;0
6847;2;0
6848;2;0
6849;2;0
6850;2;0
6851;2;0
6852;2;0
6853;2;0
6854;2;0
6855;2;0
6856;2;0
6857;2;0
6858;2;0
6859;2;0
6860;2;0
6861;2;0
6862;2;0
6863;2;0
6864;2;0
6865;2;0
6866;2;0
6867;2;0
6868;2;0
6869;2;0
6870;2;0
6871;2;0
6872;2;0
6873;2;0
6874;2;0
6875;2;0
6876;2;0
6877;2;0
6878;2;0
6879;2;0
6880;2;0
6881;2;0
6882;2;0
6883;2;0
6884;2;0
6885;2;0
6886;2;0
6887;2;0
6888;2;0
6889;2;0
6890;2;0
6891;2;0
6892;2;0
6893;2;0
6894;2;0
6895;2;0
6896;2;0
6897;2;0
6898;2;0
6899;2;0
6900;2;0
6901;2;0
6902;2;0
6903;2;0
6904;2;0
6905;2;0
6906;2;0
6907;2;0
6908;2;0
6909;2;0
6910;2;0
6911;2;0
6912;2;0
6913;2;0
6914;2;0
6915;2;0
6916;2;0
6917;2;0
6918;2;0
6919;2;0
6920;2;0
6921;2;0
6922;2;0
6923;2;0
6924;2;0
6925;2;0
6926;2;0
6927;2;0
6928;2;0
6929;2;0
6930;2;0
6931;2;0
6932;2;0
6933;2;0
6934;2;0
6935;2;0
6936;2;0
6937;2;0
6938;2;0
6939;2;0
6940;2;0
6941;2;0
6942;2;0
6943;2;0
6944;2;0
6945;2;0
6946;2;0
6947;2;0
6948;2;0
6949;2;0
6950;2;0
6951;2;0
6952;2;0
6953;2;0
6954;2;0
6955;2;0
6956;2;0
6957;2;0
6958;2;0
6959;2;0
6960;2;0
6961;2;0
6962;2;0
6963;2;1
6964;2;1
6965;2;1
6966;2;1
6967;2;1
6968;2;1
6969;2;1
6970;2;1
6971;2;1
6972;2;1
6973;2;1
6974;2;1
6975;2;1
6976;2;1
6977;2;1
6978;2;1
6979;2;1
6980;2;1
6981;2;1
6982;2;1
6983;2;1
6984;2;1
6985;2;1
6986;2;1
6987;2;1
6988;2;1
6989;2;1
6990;2;1
6991;2;1
6992;2;1
6993;2;1
6994;2;1
6995;1;1
6996;1;1
6997;1;1
6998;1;1
6999;1;1
7000;1;1
7001;1;1
7002;1;1
7003;1;1
7004;1;1
7005;1;1
7006;1;1
7007;1;1
7008;1;1
7009;1;1
7010;1;1
7011;1;1
7012;1;1
7013;1;1
7014;1;0
7015;1;0
7016;1;0
7017;1;0
7018;1;0
7019;1;0
7020;1;0
7021;1;0
7022;1;0
7023;1;0
7024;1;0
7025;1;0
7026;1;0
7027;1;0
7028;1;0
7029;1;0
7030;1;0
7031;1;0
7032;1;0
7033;1;0
7034;1;0
7035;1;0
7036;1;0
7037;1;0
7038;1;0
7039;1;0
7040;1;0
7041;1;0
7042;1;0
7043;1;0
7044;1;0
7045;1;0
7046;1;0
7047;1;0
7048;1;0
7049;1;0
7050;1;0
7051;1;0
7052;1;0
7053;1;0
7054;1;0
7055;1;0
7056;1;0
7057;1;0
7058;1;0
7059;1;0
7060;1;0
7061;1;0
7062;1;0
7063;1;0
7064;1;0
7065;1;0
7066;1;0
7067;1;0
7068;1;0
7069;1;0
7070;1;0
7071;1;0
7072;1;0
7073;1;0
7074;1;0
7075;1;0
7076;1;0
7077;1;0
7078;1;0
7079;1;0
7080;1;0
7081;1;0
7082;1;0
7083;1;0
7084;1;0
7085;1;0
7086;1;0
7087;1;0
7088;1;0
7089;1;0
7090;1;0
7091;1;0
7092;1;0
7093;1;0
7094;1;0
7095;1;0
7096;1;0
7097;1;0
7098;1;0
7099;1;0
7100;1;0
7101;1;0
7102;1;0
7103;1;0
7104;1;0
7105;1;0
7106;1;0
7107;1;0
7108;1;0
7109;1;0
7110;1;0
7111;1;0
7112;1;0
7113;1;0
7114;1;0
7115;1;0
7116;1;0
7117;1;0
7118;1;0
7119;1;0
7120;1;0
7121;1;0
7122;1;0
7123;1;0
7124;1;0
7125;1;0
7126;1;0
7127;1;0
7128;1;0
7129;1;0
7130;1;0
7131;1;0
7132;1;0
7133;1;0
7134;1;0
7135;1;0
7136;1;0
7137;1;0
7138;1;0
7139;1;0
7140;1;0
7141;1;0
7142;1;0
7143;1;0
7144;1;0
7145;1;0
7146;1;0
7147;1;0
7148;1;0
7149;1;0
7150;1;0
7151;1;0
7152;1;0
7153;1;0
7154;1;0
7155;1;0
7156;1;0
7157;1;0
7158;1;0
7159;1;0
7160;1;0
7161;1;0
7162;1;0
7163;1;0
7164;1;0
7165;1;0
7166;1;0
7167;1;0
7168;1;0
7169;1;0
7170;1;0
7171;1;0
7172;1;0
7173;1;0
7174;1;0
7175;1;0
7176;1;0
7177;1;0
7178;1;0
7179;1;0
7180;1;0
7181;1;0
7182;1;0
7183;1;0
7184;1;0
7185;1;0
7186;1;0
7187;1;0
7188;1;0
7189;1;0
7190;1;0
7191;1;0
7192;1;0
7193;1;0
7194;1;0
7195;1;0
7196;1;0
7197;1;0
7198;1;0
7199;1;0
7200;1;0
7201;1;0
7202;1;0
7203;1;0
7204;1;0
7205;1;0
7206;1;0
7207;1;0
7208;1;0
7209;1;0
7210;1;0
7211;1;0
7212;1;0
7213;1;0
7214;1;0
7215;1;0
7216;1;0
7217;1;0
7218;1;0
7219;1;0
7220;1;0
7221;1;1
7222;1;1
7223;1;1
7224;1;1
7225;1;1
7226;1;1
7227;1;1
7228;1;1
7229;1;1
7230;1;1
7231;1;1
7232;1;1
7233;1;1
7234;1;1
7235;1;1
7236;1;1
7237;1;1
7238;1;1
7239;1;1
7240;1;1
7241;1;1
7242;1;1
7243;1;1
7244;1;1
7245;1;1
7246;1;1
7247;1;1
7248;1;1
7249;1;1
7250;1;1
7251;1;1
7252;1;1
7253;1;1
7254;1;1
7255;1;1
7256;1;1
7257;1;1
7258;1;1
7259;1;1
7260;1;1
7261;1;1
7262;1;1
7263;1;1
7264;1;1
7265;1;1
7266;1;1
7267;1;1
7268;1;1
7269;1;1
7270;1;1
7271;2;1
7272;2;1
7273;2;1
7274;2;1
7275;2;1
7276;2;1
7277;2;1
7278;2;1
7279;2;1
7280;2;1
7281;2;1
7282;2;1
7283;2;1
7284;2;1
7285;2;1
7286;2;1
7287;2;1
7288;2;1
7289;2;1
7290;2;1
7291;2;1
7292;2;1
7293;2;0
7294;2;0
7295;2;0
7296;2;0
7297;2;0
7298;2;0
7299;2;0
7300;2;0
7301;2;0
7302;2;0
7303;2;0
7304;2;0
7305;2;0
7306;2;0
7307;2;0
7308;2;0
7309;2;0
7310;2;0
7311;2;0
7312;2;0
7313;2;0
7314;2;0
7315;2;0
7316;2;0
7317;2;0
7318;2;0
7319;2;0
7320;2;0
7321;2;0
7322;2;0
7323;2;0
7324;2;0
7325;2;0
7326;2;0
7327;2;0
7328;2;0
7329;2;0
7330;2;0
7331;2;0
7332;2;0
7333;2;0
7334;2;0
7335;2;0
7336;2;0
7337;2;0
7338;2;0
7339;2;0
7340;2;0
7341;2;0
7342;2;0
7343;2;0
7344;2;0
7345;2;0
7346;2;0
7347;2;0
7348;2;0
7349;2;0
7350;2;0
7351;2;0
7352;2;0
7353;2;0
7354;2;0
7355;2;0
7356;2;0
7357;2;0
7358;2;0
7359;2;0
7360;2;0
7361;2;0
7362;2;0
7363;2;0
7364;2;0
7365;2;0
7366;2;0
7367;2;0
7368;2;0
7369;2;0
7370;2;0
7371;2;0
7372;2;0
7373;2;0
7374;2;0
7375;2;0
7376;2;0
7377;2;0
7378;2;0
7379;2;0
7380;2;0
7381;2;0
7382;2;0
7383;2;0
7384;2;0
7385;2;0
7386;2;0
7387;2;0
7388;2;0
7389;2;0
7390;2;0
7391;2;0
7392;2;0
7393;2;0
7394;2;0
7395;2;0
7396;2;0
7397;2;0
7398;2;0
7399;2;0
7400;2;0
7401;2;0
7402;2;0
7403;2;0
7404;2;0
7405;2;0
7406;2;0
7407;2;0
7408;2;0
7409;2;0
7410;2;0
7411;2;0
7412;2;0
7413;2;0
7414;2;0
7415;2;0
7416;2;0
7417;2;0
7418;2;0
7419;2;0
7420;2;0
7421;2;0
7422;2;0
7423;2;0
7424;2;0
7425;2;0
7426;2;0
7427;2;0
7428;2;0
7429;2;0
7430;2;0
7431;2;0
7432;2;0
7433;2;0
7434;2;0
7435;2;0
7436;2;0
7437;2;0
7438;2;0
7439;2;0
7440;2;1
7441;2;1
7442;2;1
7443;2;1
7444;2;1
7445;2;1
7446;2;1
7447;2;1
7448;2;1
7449;2;1
7450;2;1
7451;2;1
7452;2;1
7453;2;1
7454;2;1
7455;2;1
7456;2;1
7457;2;1
7458;2;1
7459;2;1
7460;2;1
7461;2;1
7462;2;1
7463;2;1
7464;2;1
7465;2;1
7466;2;1
7467;2;1
7468;2;1
7469;2;1
7470;2;1
7471;2;1
7472;2;1
7473;2;1
7474;2;1
7475;3;1
7476;3;1
7477;3;1
7478;3;1
7479;3;1
7480;3;1
7481;3;1
7482;3;1
7483;3;1
7484;3;1
7485;3;1
7486;3;1
7487;3;1
7488;3;1
7489;3;1
7490;3;1
7491;3;1
7492;3;1
7493;3;1
7494;3;1
7495;3;1
7496;3;1
7497;3;1
7498;3;1
7499;3;1
7500;3;0
7501;3;0
7502;3;0
7503;3;0
7504;3;0
7505;3;0
7506;3;0
7507;3;0
7508;3;0
7509;3;0
7510;3;0
7511;3;0
7512;3;0
7513;3;0
7514;3;0
7515;3;0
7516;3;0
7517;3;0
7518;3;0
7519;3;0
7520;3;0
7521;3;0
7522;3;0
7523;3;0
7524;3;0
7525;3;0
7526;3;0
7527;3;0
7528;3;0
7529;3;0
7530;3;0
7531;3;0
7532;3;0
7533;3;0
7534;3;0
7535;3;0
7536;3;0
7537;3;0
7538;3;0
7539;3;0
7540;3;0
7541;3;0
7542;3;0
7543;3;0
7544;3;0
7545;3;0
7546;3;0
7547;3;0
7548;3;0
7549;3;0
7550;3;0
7551;3;0
7552;3;0
7553;3;0
7554;3;0
7555;3;0
7556;3;0
7557;3;0
7558;3;0
7559;3;0
7560;3;0
7561;3;0
7562;3;0
7563;3;0
7564;3;0
7565;3;0
7566;3;0
7567;3;0
7568;3;0
7569;3;0
7570;3;0
7571;3;0
7572;3;0
7573;3;1
7574;3;1
7575;3;1
7576;3;1
7577;3;1
7578;3;1
7579;3;1
7580;3;1
7581;3;1
7582;3;1
7583;3;1
7584;3;1
7585;3;1
7586;3;1
7587;3;1
7588;3;1
7589;3;1
7590;3;1
7591;3;1
7592;3;1
7593;3;1
7594;3;1
7595;3;1
7596;2;1
7597;2;1
7598;2;1
7599;2;1
7600;2;1
7601;2;1
7602;2;1
7603;2;1
7604;2;1
7605;2;1
7606;2;1
7607;2;1
7608;2;1
7609;2;1
7610;2;1
7611;2;1
7612;2;1
7613;2;1
7614;2;1
7615;2;1
7616;2;1
7617;2;1
7618;2;1
7619;2;1
7620;2;0
7621;2;0
7622;2;0
7623;2;0
7624;2;0
7625;2;0
7626;2;0
7627;2;0
7628;2;0
7629;2;0
7630;2;0
7631;2;0
7632;2;0
7633;2;0
7634;2;0
7635;2;0
7636;2;0
7637;2;0
7638;2;0
7639;2;0
7640;2;0
7641;2;0
7642;2;0
7643;2;0
7644;2;0
7645;2;0
7646;2;0
7647;2;0
7648;2;0
7649;2;0
7650;2;0
7651;2;0
7652;2;0
7653;2;0
7654;2;0
7655;2;0
7656;2;0
7657;2;0
7658;2;0
7659;2;0
7660;2;0
7661;2;0
7662;2;0
7663;2;0
7664;2;0
7665;2;0
7666;2;0
7667;2;0
7668;2;0
7669;2;0
7670;2;0
7671;2;0
7672;2;0
7673;2;0
7674;2;0
7675;2;0
7676;2;0
7677;2;0
7678;2;0
7679;2;0
7680;2;0
7681;2;0
7682;2;0
7683;2;0
7684;2;0
7685;2;0
7686;2;0
7687;2;0
7688;2;0
7689;2;0
7690;2;0
7691;2;0
7692;2;0
7693;2;0
7694;2;0
7695;2;0
7696;2;0
7697;2;0
7698;2;0
7699;2;0
7700;2;0
7701;2;0
7702;2;0
7703;2;0
7704;2;0
7705;2;0
7706;2;0
7707;2;0
7708;2;0
7709;2;0
7710;2;0
7711;2;0
7712;2;0
7713;2;0
7714;2;0
7715;2;0
7716;2;0
7717;2;0
7718;2;0
7719;2;0
7720;2;0
7721;2;0
7722;2;0
7723;2;0
7724;2;0
7725;2;0
7726;2;0
7727;2;0
7728;2;0
7729;2;0
7730;2;0
7731;2;0
7732;2;0
7733;2;0
7734;2;0
7735;2;0
7736;2;0
7737;2;0
7738;2;0
7739;2;0
7740;2;0
7741;2;0
7742;2;0
7743;2;0
7744;2;0
7745;2;0
7746;2;0
7747;2;0
7748;2;0
7749;2;0
7750;2;0
7751;2;0
7752;2;0
7753;2;0
7754;2;0
7755;2;0
7756;2;0
7757;2;0
7758;2;0
7759;2;0
7760;2;0
7761;2;0
7762;2;0
7763;2;0
7764;2;0
7765;2;0
7766;2;0
7767;2;0
7768;2;0
7769;2;0
7770;2;0
7771;2;0
7772;2;0
7773;2;0
7774;2;0
7775;2;0
7776;2;0
7777;2;0
7778;2;0
7779;2;0
7780;2;0
7781;2;0
7782;2;0
7783;2;0
7784;2;0
7785;2;0
7786;2;0
7787;2;0
7788;2;0
7789;2;0
7790;2;0
7791;2;0
7792;2;0
7793;2;0
7794;2;1
7795;2;1
7796;2;1
7797;2;1
7798;2;1
7799;2;1
7800;2;1
7801;2;1
7802;2;1
7803;2;1
7804;2;1
7805;2;1
7806;2;1
7807;2;1
7808;2;1
7809;2;1
7810;2;1
7811;2;1
7812;2;1
7813;2;1
7814;2;1
7815;2;1
7816;2;1
7817;2;1
7818;2;1
7819;2;1
7820;2;1
7821;2;1
7822;2;1
7823;2;1
7824;2;1
7825;2;1
7826;2;1
7827;2;1
7828;1;1
7829;1;1
7830;1;1
7831;1;1
7832;1;1
7833;1;1
7834;1;1
7835;1;1
7836;1;1
7837;1;1
7838;1;1
7839;1;1
7840;1;1
7841;1;1
7842;1;1
7843;1;1
7844;1;1
7845;1;1
7846;1;1
7847;1;1
7848;1;1
7849;1;1
7850;1;1
7851;1;0
7852;1;0
7853;1;0
7854;1;0
7855;1;0
7856;1;0
7857;1;0
7858;1;0
7859;1;0
7860;1;0
7861;1;0
7862;1;0
7863;1;0
7864;1;0
7865;1;0
7866;1;0
7867;1;0
7868;1;0
7869;1;0
7870;1;0
7871;1;0
7872;1;0
7873;1;0
7874;1;0
7875;1;0
7876;1;0
7877;1;0
7878;1;0
7879;1;0
7880;1;0
7881;1;0
7882;1;0
7883;1;0
7884;1;0
7885;1;0
7886;1;0
7887;1;0
7888;1;0
7889;1;0
7890;1;0
7891;1;0
7892;1;0
7893;1;0
7894;1;0
7895;1;0
7896;1;0
7897;1;0
7898;1;0
7899;1;0
7900;1;0
7901;1;0
7902;1;0
7903;1;0
7904;1;0
7905;1;0
7906;1;0
7907;1;0
7908;1;0
7909;1;0
7910;1;0
7911;1;0
7912;1;0
7913;1;0
7914;1;0
7915;1;0
7916;1;0
7917;1;0
7918;1;0
7919;1;0
7920;1;0
7921;1;0
7922;1;0
7923;1;0
7924;1;0
7925;1;0
7926;1;0
7927;1;0
7928;1;0
7929;1;0
7930;1;0
7931;1;0
7932;1;0
7933;1;0
7934;1;0
7935;1;0
7936;1;0
7937;1;0
7938;1;0
7939;1;0
7940;1;0
7941;1;0
7942;1;0
7943;1;0
7944;1;0
7945;1;0
7946;1;0
7947;1;0
7948;1;0
7949;1;0
7950;1;0
7951;1;0
7952;1;0
7953;1;0
7954;1;0
7955;1;0
7956;1;0
7957;1;0
7958;1;0
7959;1;0
7960;1;0
7961;1;0
7962;1;0
7963;1;0
7964;1;0
7965;1;0
7966;1;0
7967;1;0
7968;1;0
7969;1;0
7970;1;0
7971;1;0
7972;1;0
7973;1;0
7974;1;0
7975;1;0
7976;1;0
7977;1;0
7978;1;0
7979;1;0
7980;1;0
7981;1;0
7982;1;0
7983;1;0
7984;1;0
7985;1;0
7986;1;0
7987;1;0
7988;1;0
7989;1;0
7990;1;0
7991;1;0
7992;1;0
7993;1;0
7994;1;0
7995;1;0
7996;1;0
7997;1;0
7998;1;0
7999;1;0
8000;1;0
8001;1;0
8002;1;0
8003;1;0
8004;1;0
8005;1;0
8006;1;0
8007;1;0
8008;1;0
8009;1;0
8010;1;0
8011;1;0
8012;1;0
8013;1;0
8014;1;0
8015;1;0
8016;1;0
8017;1;0
8018;1;0
8019;1;0
8020;1;0
8021;1;0
8022;1;0
8023;1;0
8024;1;0
8025;1;0
8026;1;0
8027;1;0
8028;1;0
8029;1;0
8030;1;0
8031;1;0
8032;1;0
8033;1;0
8034;1;0
8035;1;0
8036;1;0
8037;1;0
8038;1;0
8039;1;0
8040;1;0
8041;1;0
8042;1;0
8043;1;0
8044;1;0
8045;1;0
8046;1;0
8047;1;0
8048;1;0
8049;1;0
8050;1;0
8051;1;0
8052;1;0
8053;1;0
8054;1;0
8055;1;0
8056;1;0
8057;1;0
8058;1;0
8059;1;0
8060;1;0
8061;1;0
8062;1;0
8063;1;0
8064;1;0
8065;1;0
8066;1;0
8067;1;0
8068;1;0
8069;1;0
8070;1;0
8071;1;0
8072;1;0
8073;1;0
8074;1;0
8075;1;0
8076;1;0
8077;1;0
8078;1;0
8079;1;0
8080;1;0
8081;1;0
8082;1;0
8083;1;0
8084;1;0
8085;1;0
8086;1;0
8087;1;0
8088;1;0
8089;1;0
8090;1;0
8091;1;0
8092;1;0
8093;1;0
8094;1;0
8095;1;0
8096;1;0
8097;1;0
8098;1;0
8099;1;0
8100;1;0
8101;1;0
8102;1;0
8103;1;0
8104;1;0
8105;1;0
8106;1;0
8107;1;0
8108;1;0
8109;1;0
8110;1;0
8111;1;0
8112;1;0
8113;1;0
8114;1;0
8115;1;0
8116;1;0
8117;1;0
8118;1;0
8119;1;0
8120;1;0
8121;1;0
8122;1;0
8123;1;0
8124;1;0
8125;1;0
8126;1;0
8127;1;0
8128;1;0
8129;1;0
8130;1;0
8131;1;0
8132;1;0
8133;1;0
8134;1;0
8135;1;0
8136;1;0
8137;1;0
8138;1;0
8139;1;0
8140;1;0
8141;1;0
8142;1;0
8143;1;0
8144;1;0
8145;1;0
8146;1;0
8147;1;0
8148;1;0
8149;1;0
8150;1;0
8151;1;0
8152;1;0
8153;1;0
8154;1;0
8155;1;0
8156;1;0
8157;1;0
8158;1;0
8159;1;0
8160;1;0
8161;1;0
8162;1;0
8163;1;0
8164;1;0
8165;1;0
8166;1;0
8167;1;0
8168;1;0
8169;1;0
8170;1;0
8171;1;0
8172;1;0
8173;1;0
8174;1;0
8175;1;0
8176;1;0
8177;1;0
8178;1;0
8179;1;0
8180;1;0
8181;1;0
8182;1;0
8183;1;0
8184;1;0
8185;1;0
8186;1;0
8187;1;0
8188;1;0
8189;1;0
8190;1;0
8191;1;1
8192;1;1
8193;1;1
8194;1;1
8195;1;1
8196;1;1
8197;1;1
8198;1;1
8199;1;1
8200;1;1
8201;1;1
8202;1;1
8203;1;1
8204;1;1
8205;1;1
8206;1;1
8207;1;1
8208;1;1
8209;1;1
8210;1;1
8211;1;1
8212;1;1
8213;1;1
8214;1;1
8215;1;1
8216;1;1
8217;1;1
8218;1;1
8219;1;1
8220;1;1
8221;1;1
8222;1;1
8223;1;1
8224;1;1
8225;1;1
8226;1;1
8227;1;1
8228;1;1
8229;1;1
8230;1;1
8231;1;1
8232;1;1
8233;1;1
8234;1;1
8235;1;1
8236;2;1
8237;2;1
8238;2;1
8239;2;1
8240;2;1
8241;2;1
8242;2;1
8243;2;1
8244;2;1
8245;2;1
8246;2;1
8247;2;1
8248;2;1
8249;2;1
8250;2;1
8251;2;1
8252;2;1
8253;2;1
8254;2;0
8255;2;0
8256;2;0
8257;2;0
8258;2;0
8259;2;0
8260;2;0
8261;2;0
8262;2;0
8263;2;0
8264;2;0
8265;2;0
8266;2;0
8267;2;0
8268;2;0
8269;2;0
8270;2;0
8271;2;0
8272;2;0
8273;2;0
8274;2;0
8275;2;0
8276;2;0
8277;2;0
8278;2;0
8279;2;0
8280;2;0
8281;2;0
8282;2;0
8283;2;0
8284;2;0
8285;2;0
8286;2;0
8287;2;0
8288;2;0
8289;2;0
8290;2;0
8291;2;0
8292;2;0
8293;2;0
8294;2;0
8295;2;0
8296;2;0
8297;2;0
8298;2;0
8299;2;0
8300;2;0
8301;2;0
8302;2;0
8303;2;0
8304;2;0
8305;2;0
8306;2;0
8307;2;0
8308;2;0
8309;2;0
8310;2;0
8311;2;0
8312;2;0
8313;2;0
8314;2;0
8315;2;0
8316;2;0
8317;2;0
8318;2;0
8319;2;0
8320;2;0
8321;2;0
8322;2;0
8323;2;0
8324;2;0
8325;2;0
8326;2;0
8327;2;0
8328;2;0
8329;2;0
8330;2;0
8331;2;0
8332;2;0
8333;2;0
8334;2;0
8335;2;0
8336;2;0
8337;2;0
8338;2;0
8339;2;0
8340;2;0
8341;2;0
8342;2;0
8343;2;0
8344;2;0
8345;2;0
8346;2;0
8347;2;0
8348;2;0
8349;2;0
8350;2;0
8351;2;0
8352;2;0
8353;2;0
8354;2;0
8355;2;0
8356;2;0
8357;2;0
8358;2;0
8359;2;0
8360;2;0
8361;2;0
8362;2;0
8363;2;0
8364;2;0
8365;2;0
8366;2;0
8367;2;0
8368;2;0
8369;2;0
8370;2;0
8371;2;0
8372;2;0
8373;2;0
8374;2;0
8375;2;0
8376;2;0
8377;2;0
8378;2;0
8379;2;0
8380;2;0
8381;2;0
8382;2;0
8383;2;0
8384;2;0
8385;2;0
8386;2;0
8387;2;0
8388;2;0
8389;2;0
8390;2;0
8391;2;0
8392;2;0
8393;2;0
8394;2;0
8395;2;0
8396;2;0
8397;2;0
8398;2;0
8399;2;0
8400;2;0
8401;2;0
8402;2;0
8403;2;0
8404;2;0
8405;2;0
8406;2;0
8407;2;0
8408;2;0
8409;2;0
8410;2;0
8411;2;0
8412;2;0
8413;2;0
8414;2;0
8415;2;0
8416;2;0
8417;2;0
8418;2;0
8419;2;0
8420;2;0
8421;2;0
8422;2;0
8423;2;0
8424;2;0
8425;2;0
8426;2;0
8427;2;0
8428;2;0
8429;2;0
8430;2;0
8431;2;0
8432;2;0
8433;2;0
8434;2;0
8435;2;0
8436;2;0
8437;2;0
8438;2;0
8439;2;0
8440;2;0
8441;2;0
8442;2;0
8443;2;0
8444;2;0
8445;2;0
8446;2;0
8447;2;0
8448;2;0
8449;2;0
8450;2;0
8451;2;0
8452;2;0
8453;2;0
8454;2;0
8455;2;0
8456;2;0
8457;2;0
8458;2;0
8459;2;0
8460;2;0
8461;2;0
8462;2;0
8463;2;0
8464;2;0
8465;2;0
8466;2;0
8467;2;0
8468;2;0
8469;2;0
8470;2;0
8471;2;0
8472;2;0
8473;2;0
8474;2;0
8475;2;0
8476;2;0
8477;2;0
8478;2;0
8479;2;0
8480;2;0
8481;2;0
8482;2;0
8483;2;0
8484;2;0
8485;2;0
8486;2;0
8487;2;0
8488;2;0
8489;2;0
8490;2;0
8491;2;0
8492;2;0
8493;2;0
8494;2;0
8495;2;0
8496;2;0
8497;2;0
8498;2;0
8499;2;0
8500;2;0
8501;2;0
8502;2;0
8503;2;0
8504;2;0
8505;2;0
8506;2;0
8507;2;0
8508;2;0
8509;2;0
8510;2;0
8511;2;0
8512;2;0
8513;2;0
8514;2;0
8515;2;0
8516;2;0
8517;2;0
8518;2;0
8519;2;0
8520;2;0
8521;2;0
8522;2;0
8523;2;0
8524;2;0
8525;2;0
8526;2;0
8527;2;0
8528;2;0
8529;2;0
8530;2;0
8531;2;0
8532;2;0
8533;2;0
8534;2;0
8535;2;0
8536;2;0
8537;2;0
8538;2;0
8539;2;0
8540;2;0
8541;2;0
8542;2;0
8543;2;0
8544;2;0
8545;2;0
8546;2;0
8547;2;0
8548;2;0
8549;2;0
8550;2;0
8551;2;0
8552;2;0
8553;2;0
8554;2;0
8555;2;0
8556;2;0
8557;2;0
8558;2;0
8559;2;0
8560;2;0
8561;2;0
8562;2;0
8563;2;0
8564;2;0
8565;2;0
8566;2;0
8567;2;0
8568;2;0
8569;2;0
8570;2;0
8571;2;0
8572;2;0
8573;2;0
8574;2;0
8575;2;0
8576;2;0
8577;2;0
8578;2;0
8579;2;0
8580;2;0
8581;2;0
8582;2;0
8583;2;0
8584;2;0
8585;2;0
8586;2;0
8587;2;0
8588;2;0
8589;2;0
8590;2;0
8591;2;0
8592;2;0
8593;2;0
8594;2;0
8595;2;0
8596;2;0
8597;2;0
8598;2;0
8599;2;0
8600;2;0
8601;2;0
8602;2;0
8603;2;0
8604;2;0
8605;2;0
8606;2;0
8607;2;0
8608;2;0
8609;2;0
8610;2;0
8611;2;0
8612;2;0
8613;2;0
8614;2;0
8615;2;0
8616;2;0
8617;2;0
8618;2;0
8619;2;0
8620;2;0
8621;2;0
8622;2;0
8623;2;0
8624;2;0
8625;2;0
8626;2;0
8627;2;0
8628;2;0
8629;2;0
8630;2;0
8631;2;0
8632;2;0
8633;2;0
8634;2;0
8635;2;0
8636;2;0
8637;2;0
8638;2;0
8639;2;0
8640;2;0
8641;2;1
8642;2;1
8643;2;1
8644;2;1
8645;2;1
8646;2;1
8647;2;1
8648;2;1
8649;2;1
8650;2;1
8651;2;1
8652;2;1
8653;2;1
8654;2;1
8655;2;1
8656;2;1
8657;2;1
8658;2;1
8659;2;1
8660;2;1
8661;2;1
8662;2;1
8663;2;1
8664;2;1
8665;2;1
8666;2;1
8667;2;1
8668;2;1
8669;2;1
8670;2;1
8671;2;1
8672;2;1
8673;2;1
8674;2;1
8675;2;1
8676;2;1
8677;2;1
8678;2;1
8679;2;1
8680;2;1
8681;2;1
8682;2;1
8683;2;1
8684;2;1
8685;3;1
8686;3;1
8687;3;1
8688;3;1
8689;3;1
8690;3;1
8691;3;1
8692;3;1
8693;3;1
8694;3;1
8695;3;1
8696;3;1
8697;3;1
8698;3;1
8699;3;1
8700;3;1
8701;3;1
8702;3;1
8703;3;1
8704;3;0
8705;3;0
8706;3;0
8707;3;0
8708;3;0
8709;3;0
8710;3;0
8711;3;0
8712;3;0
8713;3;0
8714;3;0
8715;3;0
8716;3;0
8717;3;0
8718;3;0
8719;3;0
8720;3;0
8721;3;0
8722;3;0
8723;3;0
8724;3;0
8725;3;0
8726;3;0
8727;3;0
8728;3;0
8729;3;0
8730;3;0
8731;3;0
8732;3;0
8733;3;0
8734;3;0
8735;3;0
8736;3;0
8737;3;0
8738;3;0
8739;3;0
8740;3;0
8741;3;0
8742;3;0
8743;3;0
8744;3;0
8745;3;0
8746;3;0
8747;3;0
8748;3;0
8749;3;0
8750;3;0
8751;3;0
8752;3;0
8753;3;0
8754;3;0
8755;3;0
8756;3;0
8757;3;0
8758;3;0
8759;3;0
8760;3;0
8761;3;0
8762;3;0
8763;3;0
8764;3;0
8765;3;0
8766;3;0
8767;3;0
8768;3;0
8769;3;0
8770;3;0
8771;3;0
8772;3;0
8773;3;0
8774;3;0
8775;3;0
8776;3;0
8777;3;0
8778;3;0
8779;3;0
8780;3;0
8781;3;0
8782;3;0
8783;3;0
8784;3;0
8785;3;0
8786;3;0
8787;3;0
8788;3;0
8789;3;0
8790;3;0
8791;3;0
8792;3;0
8793;3;0
8794;3;0
8795;3;0
8796;3;0
8797;3;0
8798;3;0
8799;3;0
8800;3;0
8801;3;0
8802;3;0
8803;3;0
8804;3;0
8805;3;0
8806;3;0
8807;3;0
8808;3;0
8809;3;0
8810;3;0
8811;3;0
8812;3;0
8813;3;0
8814;3;0
8815;3;0
8816;3;0
8817;3;0
8818;3;0
8819;3;0
8820;3;0
8821;3;0
8822;3;0
8823;3;0
8824;3;0
8825;3;0
8826;3;0
8827;3;0
8828;3;0
8829;3;0
8830;3;0
8831;3;0
8832;3;0
8833;3;0
8834;3;0
8835;3;0
8836;3;0
8837;3;0
8838;3;0
8839;3;0
8840;3;0
8841;3;0
8842;3;0
8843;3;0
8844;3;0
8845;3;0
8846;3;0
8847;3;0
8848;3;0
8849;3;0
8850;3;0
8851;3;0
8852;3;0
8853;3;0
8854;3;0
8855;3;0
8856;3;0
8857;3;0
8858;3;0
8859;3;0
8860;3;0
8861;3;0
8862;3;0
8863;3;0
8864;3;0
8865;3;0
8866;3;0
8867;3;0
8868;3;0
8869;3;0
8870;3;0
8871;3;0
8872;3;0
8873;3;0
8874;3;0
8875;3;0
8876;3;0
8877;3;0
8878;3;0
8879;3;0
8880;3;0
8881;3;0
8882;3;0
8883;3;0
8884;3;0
8885;3;0
8886;3;0
8887;3;0
8888;3;0
8889;3;0
8890;3;0
8891;3;0
8892;3;0
8893;3;0
8894;3;0
8895;3;0
8896;3;0
8897;3;0
8898;3;0
8899;3;0
8900;3;0
8901;3;0
8902;3;0
8903;3;0
8904;3;0
8905;3;0
8906;3;0
8907;3;0
8908;3;0
8909;3;0
8910;3;0
8911;3;0
8912;3;0
8913;3;0
8914;3;0
8915;3;0
8916;3;0
8917;3;0
8918;3;0
8919;3;0
8920;3;0
8921;3;0
8922;3;0
8923;3;0
8924;3;0
8925;3;0
8926;3;0
8927;3;0
8928;3;0
8929;3;0
8930;3;0
8931;3;0
8932;3;0
8933;3;0
8934;3;0
8935;3;0
8936;3;0
8937;3;0
8938;3;0
8939;3;0
8940;3;0
8941;3;0
8942;3;0
8943;3;0
8944;3;0
8945;3;0
8946;3;0
8947;3;0
8948;3;0
8949;3;0
8950;3;0
8951;3;0
8952;3;0
8953;3;0
8954;3;0
8955;3;0
8956;3;0
8957;3;0
8958;3;0
8959;3;0
8960;3;0
8961;3;0
8962;3;0
8963;3;0
8964;3;0
8965;3;0
8966;3;0
8967;3;0
8968;3;0
8969;3;0
8970;3;0
8971;3;0
8972;3;0
8973;3;0
8974;3;0
8975;3;0
8976;3;0
8977;3;0
8978;3;0
8979;3;0
8980;3;0
8981;3;0
8982;3;0
8983;3;0
8984;3;0
8985;3;0
8986;3;0
8987;3;0
8988;3;0
8989;3;0
8990;3;0
8991;3;0
8992;3;0
8993;3;0
8994;3;0
8995;3;0
8996;3;0
8997;3;0
8998;3;0
8999;3;0
9000;3;0
9001;3;0
9002;3;0
9003;3;0
9004;3;0
9005;3;0
9006;3;0
9007;3;0
9008;3;0
9009;3;0
9010;3;0
9011;3;0
9012;3;0
9013;3;0
9014;3;0
9015;3;0
9016;3;0
9017;3;0
9018;3;0
9019;3;0
9020;3;0
9021;3;0
9022;3;0
9023;3;0
9024;3;0
9025;3;0
9026;3;0
9027;3;0
9028;3;0
9029;3;0
9030;3;0
9031;3;0
9032;3;0
9033;3;0
9034;3;0
9035;3;0
9036;3;0
9037;3;0
9038;3;0
9039;3;0
9040;3;0
9041;3;0
9042;3;0
9043;3;0
9044;3;0
9045;3;0
9046;3;0
9047;3;0
9048;3;0
9049;3;0
9050;3;0
9051;3;0
9052;3;0
9053;3;0
9054;3;0
9055;3;0
9056;3;0
9057;3;0
9058;3;0
9059;3;0
9060;3;0
9061;3;0
9062;3;0
9063;3;0
9064;3;0
9065;3;0
9066;3;0
9067;3;0
9068;3;0
9069;3;0
9070;3;0
9071;3;0
9072;3;0
9073;3;0
9074;3;0
9075;3;0
9076;3;0
9077;3;0
9078;3;0
9079;3;0
9080;3;0
9081;3;0
9082;3;0
9083;3;0
9084;3;0
9085;3;0
9086;3;0
9087;3;0
9088;3;0
9089;3;0
9090;3;0
9091;3;0
9092;3;0
9093;3;0
9094;3;0
9095;3;0
9096;3;0
9097;3;0
9098;3;0
9099;3;0
9100;3;0
9101;3;0
9102;3;0
9103;3;0
9104;3;0
9105;3;0
9106;3;0
9107;3;0
9108;3;0
9109;3;0
9110;3;0
9111;3;0
9112;3;0
9113;3;0
9114;3;0
9115;3;0
9116;3;0
9117;3;0
9118;3;0
9119;3;0
9120;3;0
9121;3;0
9122;3;0
9123;3;0
9124;3;0
9125;3;0
9126;3;0
9127;3;0
9128;3;0
9129;3;0
9130;3;0
9131;3;0
9132;3;0
9133;3;0
9134;3;0
9135;3;0
9136;3;0
9137;3;0
9138;3;0
9139;3;0
9140;3;0
9141;3;0
9142;3;0
9143;3;0
9144;3;0
9145;3;0
9146;3;0
9147;3;0
9148;3;0
9149;3;0
9150;3;0
9151;3;0
9152;3;0
9153;3;0
9154;3;0
9155;3;0
9156;3;0
9157;3;0
9158;3;0
9159;3;0
9160;3;0
9161;3;0
9162;3;0
9163;3;0
9164;3;0
9165;3;0
9166;3;0
9167;3;0
9168;3;0
9169;3;0
9170;3;0
9171;3;0
9172;3;0
9173;3;0
9174;3;0
9175;3;0
9176;3;0
9177;3;0
9178;3;0
9179;3;0
9180;3;0
9181;3;0
9182;3;0
9183;3;0
9184;3;0
9185;3;0
9186;3;0
9187;3;0
9188;3;0
9189;3;0
9190;3;0
9191;3;0
9192;3;0
9193;3;0
9194;3;0
9195;3;0
9196;3;0
9197;3;0
9198;3;0
9199;3;0
9200;3;0
9201;3;0
9202;3;0
9203;3;0
9204;3;0
9205;3;0
9206;3;0
9207;3;0
9208;3;0
9209;3;0
9210;3;0
9211;3;0
9212;3;0
9213;3;0
9214;3;0
9215;3;0
9216;3;0
9217;3;0
9218;3;0
9219;3;0
9220;3;0
9221;3;0
9222;3;0
9223;3;0
9224;3;0
9225;3;0
9226;3;0
9227;3;0
9228;3;0
9229;3;0
9230;3;0
9231;3;0
9232;3;0
9233;3;0
9234;3;0
9235;3;0
9236;3;0
9237;3;0
9238;3;0
9239;3;0
9240;3;0
9241;3;0
9242;3;0
9243;3;0
9244;3;0
9245;3;0
9246;3;0
9247;3;0
9248;3;0
9249;3;0
9250;3;0
9251;3;0
9252;3;0
9253;3;0
9254;3;0
9255;3;0
9256;3;0
9257;3;0
9258;3;0
9259;3;0
9260;3;0
9261;3;0
9262;3;0
9263;3;0
9264;3;0
9265;3;0
9266;3;0
9267;3;0
9268;3;0
9269;3;0
9270;3;0
9271;3;0
9272;3;0
9273;3;0
9274;3;0
9275;3;0
9276;3;0
9277;3;0
9278;3;0
9279;3;0
9280;3;0
9281;3;0
9282;3;0
9283;3;0
9284;3;0
9285;3;0
9286;3;0
9287;3;0
9288;3;0
9289;3;0
9290;3;0
9291;3;0
9292;3;0
9293;3;0
9294;3;0
9295;3;0
9296;3;0
9297;3;0
9298;3;0
9299;3;0
9300;3;0
9301;3;0
9302;3;0
9303;3;0
9304;3;0
9305;3;0
9306;3;0
9307;3;0
9308;3;0
9309;3;0
9310;3;0
9311;3;0
9312;3;0
9313;3;0
9314;3;0
9315;3;0
9316;3;0
9317;3;0
9318;3;0
9319;3;0
9320;3;0
9321;3;0
9322;3;0
9323;3;0
9324;3;0
9325;3;0
9326;3;0
9327;3;0
9328;3;0
9329;3;0
9330;3;0
9331;3;0
9332;3;0
9333;3;0
9334;3;0
9335;3;0
9336;3;0
9337;3;0
9338;3;0
9339;3;0
9340;3;0
9341;3;0
9342;3;0
9343;3;0
9344;3;0
9345;3;0
9346;3;0
9347;3;0
9348;3;0
9349;3;0
9350;3;0
9351;3;0
9352;3;0
9353;3;0
9354;3;0
9355;3;0
9356;3;0
9357;3;0
9358;3;0
9359;3;0
9360;3;0
9361;3;0
9362;3;0
9363;3;0
9364;3;0
9365;3;0
9366;3;0
9367;3;0
9368;3;0
9369;3;0
9370;3;0
9371;3;0
9372;3;0
9373;3;0
9374;3;0
9375;3;0
9376;3;0
9377;3;0
9378;3;0
9379;3;0
9380;3;0
9381;3;0
9382;3;0
9383;3;0
9384;3;0
9385;3;0
9386;3;0
9387;3;0
9388;3;0
9389;3;0
9390;3;0
9391;3;0
9392;3;0
9393;3;0
9394;3;0
9395;3;0
9396;3;0
9397;3;0
9398;3;0
9399;3;0
9400;3;0
9401;3;0
9402;3;0
9403;3;0
9404;3;0
9405;3;0
9406;3;0
9407;3;0
9408;3;0
9409;3;0
9410;3;0
9411;3;0
9412;3;0
9413;3;0
9414;3;0
9415;3;0
9416;3;0
9417;3;0
9418;3;0
9419;3;0
9420;3;0
9421;3;0
9422;3;0
9423;3;0
9424;3;0
9425;3;0
9426;3;0
9427;3;0
9428;3;0
9429;3;0
9430;3;0
9431;3;0
9432;3;0
9433;3;0
9434;3;0
9435;3;0
9436;3;0
9437;3;0
9438;3;0
9439;3;0
9440;3;0
9441;3;0
9442;3;0
9443;3;0
9444;3;0
9445;3;0
9446;3;0
9447;3;0
9448;3;0
9449;3;0
9450;3;0
9451;3;0
9452;3;0
9453;3;0
9454;3;0
9455;3;0
9456;3;0
9457;3;0
9458;3;0
9459;3;0
9460;3;0
9461;3;0
9462;3;0
9463;3;0
9464;3;0
9465;3;0
9466;3;0
9467;3;0
9468;3;0
9469;3;0
9470;3;0
9471;3;0
9472;3;0
9473;3;0
9474;3;0
9475;3;0
9476;3;0
9477;3;0
9478;3;0
9479;3;0
9480;3;0
9481;3;0
9482;3;0
9483;3;0
9484;3;0
9485;3;0
9486;3;0
9487;3;0
9488;3;0
9489;3;0
9490;3;0
9491;3;0
9492;3;0
9493;3;0
9494;3;0
9495;3;0
9496;3;0
9497;3;0
9498;3;0
9499;3;0
9500;3;0
9501;3;0
9502;3;0
9503;3;0
9504;3;0
9505;3;0
9506;3;0
9507;3;0
9508;3;0
9509;3;0
9510;3;0
9511;3;0
9512;3;0
9513;3;0
9514;3;0
9515;3;0
9516;3;0
9517;3;0
9518;3;0
9519;3;0
9520;3;0
9521;3;0
9522;3;0
9523;3;0
9524;3;0
9525;3;0
9526;3;0
9527;3;0
9528;3;0
9529;3;0
9530;3;0
9531;3;0
9532;3;0
9533;3;0
9534;3;0
9535;3;0
9536;3;0
9537;3;0
9538;3;0
9539;3;0
9540;3;0
9541;3;0
9542;3;0
9543;3;0
9544;3;0
9545;3;0
9546;3;0
9547;3;0
9548;3;0
9549;3;0
9550;3;0
9551;3;0
9552;3;0
9553;3;0
9554;3;0
9555;3;0
9556;3;0
9557;3;0
9558;3;0
9559;3;0
9560;3;0
9561;3;0
9562;3;0
9563;3;0
9564;3;0
9565;3;0
9566;3;0
9567;3;0
9568;3;0
9569;3;0
9570;3;0
9571;3;0
9572;3;0
9573;3;0
9574;3;0
9575;3;0
9576;3;0
9577;1;0
9578;1;0
9579;1;0
9580;1;0
9581;1;0
9582;1;0
9583;1;0
9584;1;0
9585;1;0
9586;1;0
9587;1;0
9588;1;0
9589;1;0
9590;1;0
9591;1;0
9592;1;0
9593;1;0
9594;1;0
9595;1;0
9596;1;0
9597;1;0
9598;1;0
9599;1;0
9600;1;0
9601;1;0
9602;1;0
9603;1;0
9604;1;0
9605;1;0
9606;1;0
9607;1;0
9608;1;0
9609;1;0
9610;1;0
9611;1;0
9612;1;0
9613;1;0
9614;1;0
9615;1;0
9616;1;0
9617;1;0
9618;1;0
9619;1;0
9620;1;0
9621;1;0
9622;1;0
9623;1;0
9624;1;0
9625;1;0
9626;1;0
9627;1;0
9628;1;0
9629;1;0
9630;1;0
9631;1;0
9632;1;0
9633;1;0
9634;1;0
9635;1;0
9636;1;0
9637;1;0
9638;1;0
9639;1;0
9640;1;0
9641;1;0
9642;1;0
9643;1;0
9644;1;0
9645;1;0
9646;1;0
9647;1;0
9648;1;0
9649;1;0
9650;1;0
9651;1;0
9652;1;0
9653;1;0
9654;1;0
9655;1;0
9656;1;0
9657;1;0
9658;1;0
9659;1;0
9660;1;0
9661;1;0
9662;1;0
9663;1;0
9664;1;0
9665;1;0
9666;1;0
9667;1;0
9668;1;0
9669;1;0
9670;1;0
9671;1;0
9672;1;0
9673;1;0
9674;1;0
9675;1;0
9676;1;0
9677;1;0
9678;1;0
9679;1;0
9680;1;0
9681;1;0
9682;1;0
9683;1;0
9684;1;0
9685;1;0
9686;1;0
9687;1;0
9688;1;0
9689;1;0
9690;1;0
9691;1;0
9692;1;0
9693;1;0
9694;1;0
9695;1;0
9696;1;0
9697;1;0
9698;1;0
9699;1;0
9700;1;0
9701;1;0
9702;1;0
9703;1;0
9704;1;0
9705;1;0
9706;1;0
9707;1;0
9708;1;0
9709;1;0
9710;1;0
9711;1;0
9712;1;0
9713;1;0
9714;1;0
9715;1;0
9716;1;0
9717;1;0
9718;1;0
9719;1;0
9720;1;0
9721;1;0
9722;1;0
9723;1;0
9724;1;0
9725;1;0
9726;1;0
9727;1;0
9728;1;0
9729;1;0
9730;1;0
9731;1;0
9732;1;0
9733;1;0
9734;1;0
9735;1;0
9736;1;0
9737;1;0
9738;1;0
9739;1;0
9740;1;0
9741;1;0
9742;1;0
9743;1;0
9744;1;0
9745;1;0
9746;1;0
9747;1;0
9748;1;0
9749;1;0
9750;1;0
9751;1;0
9752;1;0
9753;1;0
9754;1;0
9755;1;0
9756;1;0
9757;1;0
9758;1;0
9759;1;0
9760;1;0
9761;1;0
9762;1;0
9763;1;0
9764;1;0
9765;1;0
9766;1;0
9767;1;0
9768;1;0
9769;1;0
9770;1;0
9771;1;0
9772;1;0
9773;1;0
9774;1;0
9775;1;0
9776;1;0
9777;1;0
9778;1;0
